0.001 4 1 1 0.05859375 0 0 0 0
0.002 32 1 1 0.048279762268066406 0 0 0 0
0.0030000000000000001 128 1 1 0.04243338480591774 0 0 0 0
0.0040000000000000001 226.5 1 1 0.037294967114576139 0 0 0 0
0.0050000000000000001 226.5 1 1 0.03496403166991513 0 0 0 0
0.0060000000000000001 114.25 1 1 0.030730105959886345 0 0 0 0
0.0070000000000000001 116.25 1 1 0.025320827054349709 0 0 0 0
0.0080000000000000002 119.25 1 1 0.022254633153237051 0 0 0 0
0.0090000000000000011 121.25 1 1 0.018337252659222422 0 0 0 0
0.010000000000000002 124.25 1 1 0.015109430596893474 0 0 0 0
0.011000000000000003 127.25 1 1 0.013279772985550903 0 0 0 0
0.012000000000000004 129.25 1 1 0.010942195758357982 0 0 0 0
0.013000000000000005 132.25 1 1 0.009016091475697801 0 0 0 0
0.014000000000000005 135.25 1 1 0.0079242991485625209 0 0 0 0
0.015000000000000006 137.25 1 1 0.006529421295507448 0 0 0 0
0.016000000000000007 140.25 1 1 0.005738749185504593 0 0 0 0
0.017000000000000008 142.25 1 1 0.0047285836184272467 0 0 0 0
0.018000000000000009 145.25 1 1 0.0038962328398906144 0 0 0 0
0.01900000000000001 148.25 1 1 0.0034244233944351102 0 0 0 0
0.020000000000000011 150.25 1 1 0.0028216379287642813 0 0 0 0
0.021000000000000012 153.25 1 1 0.002324958010151233 0 0 0 0
0.022000000000000013 156.25 1 1 0.002043420126109482 0 0 0 0
0.023000000000000013 158.25 1 1 0.0016837263002000738 0 0 0 0
0.024000000000000014 161.25 1 1 0.0013873477205017699 0 0 0 0
0.025000000000000015 163.25 1 1 0.0012193485824722587 0 0 0 0
0.026000000000000016 166.25 1 1 0.0010047122719345394 0 0 0 0
0.027000000000000017 168.25 1 1 0.00088304789525496627 0 0 0 0
0.028000000000000018 171.25 1 1 0.00072760904455212668 0 0 0 0
0.029000000000000019 173.25 1 1 0.00059953137826255555 0 0 0 0
0.03000000000000002 176.25 1 1 0.0005269318754260742 0 0 0 0
0.031000000000000021 179.25 1 1 0.00043417848622143563 0 0 0 0
0.032000000000000021 181.25 1 1 0.00035775204858333627 0 0 0 0
0.033000000000000022 184.25 1 1 0.00031443051145019788 0 0 0 0
0.034000000000000023 187.25 1 1 0.00025908275784775823 0 0 0 0
0.035000000000000024 189.25 1 1 0.00021347761419340431 0 0 0 0
0.036000000000000025 192.25 1 1 0.00018762680934967176 0 0 0 0
0.037000000000000026 194.25 1 1 0.0001545997269421734 0 0 0 0
0.038000000000000027 197.25 1 1 0.000127386249616659 0 0 0 0
0.039000000000000028 200.25 1 1 0.00011196057095214169 0 0 0 0
0.040000000000000029 202.25 1 1 9.2252667715692928e-05 0 0 0 0
0.041000000000000029 205.25 1 1 8.108144623449573e-05 0 0 0 0
0.04200000000000003 208.25 1 1 6.6809052988628693e-05 0 0 0 0
0.043000000000000031 210.25 1 1 5.5048963339019008e-05 0 0 0 0
0.044000000000000032 213.25 1 1 4.8382877934684673e-05 0 0 0 0
0.045000000000000033 215.25 1 1 3.9866262946670108e-05 0 0 0 0
0.046000000000000034 218.25 1 1 3.2848788438723538e-05 0 0 0 0
0.047000000000000035 221.25 1 1 2.887100546372186e-05 0 0 0 0
0.048000000000000036 223.25 1 1 2.3788975449233709e-05 0 0 0 0
0.049000000000000037 226.25 1 1 1.9601511753213811e-05 0 0 0 0
0.050000000000000037 229.25 1 1 1.7227891189348076e-05 0 0 0 0
0.051000000000000038 231.25 1 1 1.4195344913098083e-05 0 0 0 0
0.052000000000000039 234.25 1 1 1.2476377365027612e-05 0 0 0 0
0.05300000000000004 236.25 1 1 1.0280218165763719e-05 0 0 0 0
0.054000000000000041 239.25 1 1 8.4706387474249411e-06 0 0 0 0
0.055000000000000042 242.25 1 1 7.4448973366039524e-06 0 0 0 0
0.056000000000000043 244.25 1 1 6.1344063747652194e-06 0 0 0 0
0.057000000000000044 247.25 1 1 5.0545950963946816e-06 0 0 0 0
0.058000000000000045 250.25 1 1 4.4425152214406378e-06 0 0 0 0
0.059000000000000045 252.25 1 1 3.6605197442290411e-06 0 0 0 0
0.060000000000000046 255.25 1 1 3.016175326360599e-06 0 0 0 0
0.061000000000000047 257.25 1 1 2.6509353454341202e-06 0 0 0 0
0.062000000000000048 260.25 1 1 2.1843034157324601e-06 0 0 0 0
0.063000000000000042 263.25 1 1 1.9197979239836077e-06 0 0 0 0
0.064000000000000043 265.25 1 1 1.581864744493329e-06 0 0 0 0
0.065000000000000044 268.25 1 1 1.303416384927975e-06 0 0 0 0
0.066000000000000045 271.25 1 1 1.1455808070656029e-06 0 0 0 0
0.067000000000000046 273.25 1 1 9.4392949800937754e-07 0 0 0 0
0.068000000000000047 276.25 1 1 7.777739393998166e-07 0 0 0 0
0.069000000000000047 278.25 1 1 6.8359037642562001e-07 0 0 0 0
0.070000000000000048 281.25 1 1 5.6326111338780942e-07 0 0 0 0
0.071000000000000049 284.25 1 1 4.950537129385044e-07 0 0 0 0
0.07200000000000005 286.25 1 1 4.0791168973814754e-07 0 0 0 0
0.073000000000000051 289.25 1 1 3.3610887521148634e-07 0 0 0 0
0.074000000000000052 292.25 1 1 2.9540819110384542e-07 0 0 0 0
0.075000000000000053 294.25 1 1 2.4340884887096638e-07 0 0 0 0
0.076000000000000054 297.25 1 1 2.0056271116687293e-07 0 0 0 0
0.077000000000000055 299.25 1 1 1.7627582036150942e-07 0 0 0 0
0.078000000000000055 302.25 1 1 1.4524680022463239e-07 0 0 0 0
0.079000000000000056 305.25 1 1 1.1967967547806011e-07 0 0 0 0
0.080000000000000057 307.25 1 1 1.0518721477563877e-07 0 0 0 0
0.081000000000000058 310.25 1 1 8.6671594206001185e-08 0 0 0 0
0.082000000000000059 313.25 1 1 7.6176205845118225e-08 0 0 0 0
0.08300000000000006 315.25 1 1 6.2767259454900879e-08 0 0 0 0
0.084000000000000061 318.25 1 1 5.1718628090891223e-08 0 0 0 0
0.085000000000000062 320.25 1 1 4.5455825470509869e-08 0 0 0 0
0.086000000000000063 323.25 1 1 3.7454446035881542e-08 0 0 0 0
0.087000000000000063 326.25 1 1 3.2918946711224007e-08 0 0 0 0
0.088000000000000064 328.25 1 1 2.7124376257417243e-08 0 0 0 0
0.089000000000000065 331.25 1 1 2.2349797331245896e-08 0 0 0 0
0.090000000000000066 333.25 1 1 1.9643376560665339e-08 0 0 0 0
0.091000000000000067 336.25 1 1 1.6185643528380253e-08 0 0 0 0
0.092000000000000068 338.25 1 1 1.4225663257365455e-08 0 0 0 0
0.093000000000000069 340.25 1 1 1.1721585325587991e-08 0 0 0 0
0.09400000000000007 343.25 1 1 1.030217460256757e-08 0 0 0 0
0.09500000000000007 345.25 1 1 9.0546456467879032e-09 0 0 0 0
0.096000000000000071 348.25 1 1 7.4607981098411066e-09 0 0 0 0
0.097000000000000072 350.25 1 1 6.5573420887275344e-09 0 0 0 0
0.098000000000000073 352.25 1 1 5.4030833860975173e-09 0 0 0 0
0.099000000000000074 355.25 1 1 4.7488037573122712e-09 0 0 0 0
0.10000000000000007 357.25 1 1 4.1737533023252384e-09 0 0 0 0
0.10100000000000008 359.25 4 1 3.4390667469110549e-09 0.05859375 0 6 0
0.10200000000000008 353.759 6.33094 1 0.096285257200890234 0.14007663726806641 0 24 0
0.10300000000000008 313.81 6.89718 1 0.20571946433671992 0.24420798197388649 0 2 0
0.10400000000000008 284.735 6.92189 1 0.1967973726294619 0.24699754374069016 0 0 0
0.10500000000000008 287.735 8.92189 1 0.2186841718840109 0.27772756588072189 0 0 0
0.10600000000000008 289.735 10.9219 1 0.19220288544493147 0.22884046260923738 0 0 0
0.10700000000000008 292.735 13.9219 1 0.15837029745523529 0.18855873078764065 0 1 0
0.10800000000000008 294.735 15.9219 1 0.13049310398228006 0.1657254469813248 0 0 0
0.10900000000000008 297.735 18.9219 1 0.11469120467192584 0.13655356043993436 0 0 0
0.11000000000000008 300.735 20.9219 1 0.094502640568298282 0.11251666662226038 0 4 0
0.11100000000000008 289.204 20.8379 1 0.08305896143698091 0.09889160152347104 0 0 0
0.11200000000000009 292.204 23.8379 1 0.12434208688335348 0.13672970445005592 0 1 0
0.11300000000000009 294.204 25.8379 1 0.10245472246858349 0.12017259180180695 0 3 0
0.11400000000000009 282.979 24.8722 1 0.13941250269931449 0.11344224131055214 0 0 0
0.11500000000000009 285.979 27.8722 1 0.12718799718453069 0.14629241168683285 0 1 0
0.11600000000000009 287.979 28.8722 1 0.10479968029731228 0.12857731495913044 0 0 0
0.11700000000000009 290.979 31.8722 1 0.092109094011309622 0.10594444286793585 0 6 0
0.11800000000000009 281.372 29.998 1 0.1362510037134837 0.17890339383078524 0 0 0
0.11900000000000009 283.372 31.998 1 0.11975185873255402 0.15723931098408858 0 0 0
0.12000000000000009 286.372 34.998 1 0.098672491021086384 0.12956119984650855 0 5 0
0.12100000000000009 275.868 33.9484 1 0.12681756452738779 0.1549694247479689 0 0 0
0.12200000000000009 278.868 36.9484 1 0.12829313643653578 0.15040814142444003 0 0 0
0.1230000000000001 281.868 39.9484 1 0.10571028698078815 0.12393248957702274 0 2 0
0.1240000000000001 270.681 38.7182 1 0.13142883355666582 0.10892503966730514 0 0 0
0.12500000000000008 273.681 41.7182 1 0.13352577602094109 0.14603230582681365 0 0 0
0.12600000000000008 276.681 43.7182 1 0.11002184913834868 0.12032691214977932 0 2 0
0.12700000000000009 265.207 43.3008 1 0.096698890844251775 0.10575607513164198 0 0 0
0.12800000000000009 268.207 46.3008 1 0.13685931928443618 0.14334944133516275 0 1 0
0.12900000000000009 270.207 48.3008 1 0.1127686041467217 0.11811629992826519 0 3 0
0.13000000000000009 258.717 47.6898 1 0.099113030988329617 0.10381315423382682 0 0 0
0.13100000000000009 261.717 50.6898 1 0.13891233734325664 0.14180342830753814 0 0 0
0.13200000000000009 263.717 52.6898 1 0.11446023889977811 0.12463191941092219 0 0 0
0.13300000000000009 266.717 55.6898 1 0.1005998193455081 0.1026935371122711 0 6 0
0.13400000000000009 257.092 54.9609 1 0.14423744402886174 0.14811118530923884 0 0 0
0.13500000000000009 259.092 56.9609 1 0.12677119104099177 0.13017584646319821 0 2 0
0.13600000000000009 262.092 59.9609 1 0.10445624261800471 0.10726159223957372 0 6 0
0.13700000000000009 251.21 58.8959 1 0.14775989285298882 0.14951834529268068 0 0 0
0.13800000000000009 254.21 61.8959 1 0.12986709332782223 0.13141260816739514 0 0 0
0.1390000000000001 257.21 64.8959 1 0.10700718749545898 0.10828065248167934 0 4 0
0.1400000000000001 246.259 63.5512 1 0.15019202065228088 0.097121667220225985 0 0 0
0.1410000000000001 249.259 65.5512 1 0.13200470565141875 0.13409912154986883 0 2 0
0.1420000000000001 251.259 68.5512 1 0.10876852577478963 0.11049427129658382 0 3 0
0.1430000000000001 241.153 66.174 1 0.095597337106748698 0.09711410563176312 0 0 0
0.1440000000000001 244.153 69.174 1 0.13544385356429872 0.13577625809265548 0 0 0
0.1450000000000001 247.153 71.174 1 0.11160229633288773 0.11187618922429497 0 1 0
0.1460000000000001 236.934 69.5765 1 0.098087955761327103 0.098328681935415496 0 0 0
0.1470000000000001 239.934 72.5765 1 0.1386263492367171 0.13798260556534098 0 0 0
0.1480000000000001 241.934 74.5765 1 0.1142245919614063 0.12127377442266296 0 1 0
0.1490000000000001 244.934 77.5765 1 0.10039270777857977 0.099926510907345584 0 6 0
0.15000000000000011 235.36 75.8959 1 0.14473570279140846 0.14746255494798391 0 0 0
0.15100000000000011 238.36 78.8959 1 0.11925854417016687 0.12960576118475148 0 0 0
0.15200000000000011 241.36 81.8959 1 0.10481707983706073 0.10679185644495513 0 5 0
0.15300000000000011 231.453 78.7963 1 0.14875132060508087 0.14888355393218872 0 0 0
0.15400000000000011 234.453 81.7963 1 0.13073846537555936 0.13085468607321274 0 0 0
0.15500000000000011 237.453 84.7963 1 0.10772517593811348 0.10782093884206373 0 4 0
0.15600000000000011 227.412 82.4601 1 0.15150303954390157 0.096252592267252815 0 0 0
0.15700000000000011 230.412 84.4601 1 0.13315696834913224 0.13358738463706221 0 1 0
0.15800000000000011 232.412 87.4601 1 0.10971796098103548 0.11007261307375121 0 4 0
0.15900000000000011 223.109 84.1811 1 0.13394113882709499 0.096743507584351643 0 0 0
0.16000000000000011 226.109 87.1811 1 0.13637711324007656 0.13515908467394031 0 0 0
0.16100000000000012 229.109 90.1811 1 0.11237127860968224 0.11136765399769252 0 2 0
0.16200000000000012 219.697 87.6697 1 0.098763819090541036 0.097881727146409442 0 0 0
0.16300000000000012 222.697 90.6697 1 0.13884680508096586 0.13765412943147973 0 0 0
0.16400000000000012 224.697 92.6697 1 0.11440624197955561 0.1134235075271592 0 1 0
0.16500000000000012 227.697 95.6697 1 0.10055236111484381 0.099688629662542258 0 7 0
0.16600000000000012 218.964 93.1991 1 0.14410085890958177 0.14122490778248831 0 0 0
0.16700000000000012 220.964 95.1991 1 0.11873544893062465 0.12412345410570261 0 0 0
0.16800000000000012 223.964 98.1991 1 0.10435732816168182 0.10227457461102205 0 6 0
0.16900000000000012 215.96 95.4434 1 0.14772773981167425 0.14533924792029879 0 0 0
0.17000000000000012 217.96 98.4434 1 0.12983883381885433 0.12773957336745009 0 0 0
0.17100000000000012 220.96 101.443 1 0.10698390237759604 0.10525416506717385 0 5 0
0.17200000000000013 211.829 97.4384 1 0.15023433789393653 0.14801491961232296 0 0 0
0.17300000000000013 214.829 100.438 1 0.13204189853959264 0.13009123794051822 0 0 0
0.17400000000000013 217.829 102.438 1 0.10879917177029423 0.10719187696514867 0 2 0
0.17500000000000013 208.366 99.5187 1 0.12089775505975171 0.094211610613900196 0 0 0
0.17600000000000013 211.366 102.519 1 0.13696317113875414 0.13345095659737441 0 0 0
0.17700000000000013 213.366 104.519 1 0.11285417543781623 0.10996019983304166 0 1 0
0.17800000000000013 205.636 102.323 1 0.099188240130893168 0.096644706884509268 0 0 0
0.17900000000000013 208.636 105.323 1 0.14049433384767157 0.13755657045758407 0 1 0
0.18000000000000013 210.636 107.323 1 0.11576376385153603 0.11334312140975249 0 2 0
0.18100000000000013 202.767 104.828 1 0.10174549557263908 0.099617977801540275 0 7 0
0.18200000000000013 205.767 106.828 1 0.14295793983696978 0.14114679701776994 0 0 0
0.18300000000000013 207.767 109.828 1 0.11779371263422195 0.12405480206639936 0 2 0
0.18400000000000014 210.767 111.828 1 0.10352963024492164 0.10221800707375436 0 5 0
0.18500000000000014 201.539 108.422 1 0.14835266163979749 0.14447147462953111 0 0 0
0.18600000000000014 204.539 111.422 1 0.12223882642439367 0.12697688199861135 0 0 0
0.18700000000000014 207.539 114.422 1 0.10743646853706475 0.10462572674446124 0 3 0
0.18800000000000014 199.037 110.761 1 0.15203021973608102 0.093052696374569324 0 0 0
0.18900000000000014 202.037 113.761 1 0.13362031031491495 0.13112284327481571 0 1 0
0.19000000000000014 205.037 115.761 1 0.11009974299629834 0.10804189356750563 0 3 0
0.19100000000000014 196.068 111.218 1 0.12803735389271137 0.094958695518315497 0 0 0
0.19200000000000014 199.068 114.218 1 0.13734549000854135 0.1333381636580957 0 0 0
0.19300000000000014 202.068 117.218 1 0.11316919647920584 0.10986726131495922 0 1 0
0.19400000000000014 193.919 112.51 1 0.12249731293514265 0.096563022640100873 0 0 0
0.19500000000000015 196.919 115.51 1 0.14075546094172139 0.13524638883648998 0 0 0
0.19600000000000015 198.919 117.51 1 0.11597892594685297 0.11143959041092619 0 0 0
0.19700000000000015 201.919 120.51 1 0.10193460288297625 0.097944952509603098 0 5 0
0.19800000000000015 195.223 116.977 1 0.14736968318405236 0.14073704872119525 0 0 0
0.19900000000000015 197.223 118.977 1 0.12142887713529706 0.12369467172761302 0 0 0
0.20000000000000015 200.223 121.977 1 0.10672459904469467 0.10192126881852878 0 4 0
0.20100000000000015 192.157 118.102 1 0.15189502293028354 0.146932500471669 0 0 0
0.20200000000000015 195.157 121.102 1 0.12515764218498704 0.12913989299267783 0 2 0
0.20300000000000015 198.157 123.102 1 0.11000183395164875 0.10640799288337101 0 5 0
0.20400000000000015 189.887 118.912 1 0.15518880681332564 0.148308640561823 0 0 0
0.20500000000000015 192.887 121.912 1 0.13639641223827448 0.13034939111878976 0 2 0
0.20600000000000016 194.887 123.912 1 0.11238718049418368 0.10740458862937388 0 1 0
0.20700000000000016 188.114 120.922 1 0.10280826477910568 0.094398564225035633 0 0 0
0.20800000000000016 191.114 122.922 1 0.14178419215750021 0.13678592633288461 0 1 0
0.20900000000000016 193.114 125.922 1 0.11682657434852618 0.11270813021813611 0 2 0
0.21000000000000016 185.097 121.586 1 0.10395443865575395 0.099059880074533688 0 0 0
0.21100000000000016 188.097 124.586 1 0.14552583422816212 0.13863196785935192 0 0 0
0.21200000000000016 190.097 126.586 1 0.11990959241212089 0.11422922156379706 0 0 0
0.21300000000000016 193.097 129.586 1 0.10538929020596562 0.10039677676505601 0 6 0
0.21400000000000016 185.508 124.487 1 0.152229727411792 0.14342082855334409 0 0 0
0.21500000000000016 188.508 127.487 1 0.12543343017939404 0.1260534625957126 0 0 0
0.21600000000000016 191.508 130.487 1 0.11024422574360804 0.10386485260266846 0 4 0
0.21700000000000016 183.56 126.085 1 0.15392981615514595 0.14850267442799878 0 0 0
0.21800000000000017 186.56 129.085 1 0.12683426013760193 0.13051992869648329 0 1 0
0.21900000000000017 189.56 131.085 1 0.11147542394906419 0.10754510726333767 0 4 0
0.22000000000000017 182.225 126.843 1 0.12145818206123742 0.14969398320204658 0 1 0
0.22100000000000017 184.225 128.843 1 0.1391225928963202 0.13296206670938804 0 0 0
0.22200000000000017 187.225 131.843 1 0.1146334841369826 0.10955736697856071 0 3 0
0.22300000000000017 189.225 133.843 1 0.094455080313065501 0.096290654571000611 0 6 0
0.22400000000000017 182.288 129.802 1 0.14562876757426238 0.13819266185147216 0 0 0
0.22500000000000017 185.288 132.802 1 0.11999440687576551 0.11386724456755823 0 0 0
0.22600000000000017 187.288 134.802 1 0.098872344532643708 0.10007863292070548 0 5 0
0.22700000000000017 180.98 130.478 1 0.1504923233404194 0.14177020489299544 0 0 0
0.22800000000000017 182.98 132.478 1 0.12400185333835828 0.11681504919771962 0 0 0
0.22900000000000018 185.98 135.478 1 0.1021743786662498 0.10266947683393327 0 4 0
0.23000000000000018 179.977 131.32 1 0.10794686128995619 0.13974410089250516 0 1 0
0.23100000000000018 181.977 133.32 1 0.12998990097209279 0.13003350213659182 0 0 0
0.23200000000000018 184.977 136.32 1 0.11424893640125343 0.10714430412866147 0 4 0
0.23300000000000018 176.639 131.855 1 0.10967876328327256 0.14074768979080507 0 0 0
0.23400000000000018 179.639 133.855 1 0.13375602776303919 0.13361988961481513 0 0 0
0.23500000000000018 182.639 136.855 1 0.11755900877610867 0.11009939635009793 0 2 0
0.23600000000000018 184.639 138.855 1 0.096865638334806339 0.090719107099995241 0 6 0
0.23700000000000018 177.697 134.556 1 0.14007961293880924 0.13984300639720071 0 0 0
0.23800000000000018 180.697 137.556 1 0.12311684730950032 0.11522708656995906 0 0 0
0.23900000000000018 182.697 139.556 1 0.10144515616932703 0.10127380655562807 0 6 0
0.24000000000000019 176.379 135.884 1 0.15392499566465284 0.14449458874070503 0 0 0
0.24100000000000019 178.379 137.884 1 0.12683028817583089 0.11905987231442371 0 0 0
0.24200000000000019 181.379 140.884 1 0.10450493715659893 0.10464246590134897 0 6 0
0.24300000000000019 174.849 135.973 1 0.15529576991438127 0.14738638628089026 0 0 0
0.24400000000000019 176.849 137.973 1 0.12795977135279218 0.12144264006298941 0 0 0
0.24500000000000019 179.849 140.973 1 0.10543560261613125 0.10673669536786179 0 2 0
0.24600000000000019 173.424 136.267 1 0.092668010111834107 0.08883485169440733 0 0 0
0.24700000000000019 176.424 139.267 1 0.13128772805845706 0.13625569786139941 0 2 0
0.24800000000000019 179.424 141.267 1 0.11538960473887828 0.11227123542046458 0 4 0
0.24900000000000019 172.275 136.248 1 0.12615352348506628 0.15456850650455553 0 0 0
0.25000000000000017 174.275 139.248 1 0.13317992770199263 0.13628206281707833 0 0 0
0.25100000000000017 177.275 141.248 1 0.11705267083182946 0.11229295947452134 0 2 0
0.25200000000000017 171.581 136.621 1 0.096448428724957153 0.092526547418581434 0 6 0
0.25300000000000017 173.581 138.621 1 0.13857304385040059 0.14010174232137476 0 0 0
0.25400000000000017 176.581 141.621 1 0.12179271432164114 0.11544027840201168 0 1 0
0.25500000000000017 178.581 143.621 1 0.10035410420789523 0.10146118218926808 0 5 0
0.25600000000000017 172.57 139.743 1 0.15158714558455039 0.14320888685347638 0 0 0
0.25700000000000017 175.57 142.743 1 0.12490395906930117 0.11800048660412178 0 0 0
0.25800000000000017 177.57 144.743 1 0.10291769088351843 0.10371136517940391 0 6 0
0.25900000000000017 171.381 139.706 1 0.15430540228964837 0.14508465170725024 0 0 0
0.26000000000000018 173.381 141.706 1 0.12714373357606526 0.11954606921678945 0 0 0
0.26100000000000018 176.381 144.706 1 0.10476320820781745 0.10506978739756886 0 5 0
0.26200000000000018 170.621 139.978 1 0.10655443959384557 0.13743690599354336 0 1 0
0.26300000000000018 172.621 141.978 1 0.13232853597006122 0.1322581502236051 0 0 0
0.26400000000000018 175.621 144.978 1 0.11630437731743662 0.10897735766715508 0 4 0
0.26500000000000018 168.543 139.987 1 0.10684037659601017 0.13720836881796203 0 0 0
0.26600000000000018 171.543 141.987 1 0.13577196906671107 0.13545402660206413 0 0 0
0.26700000000000018 174.543 144.987 1 0.11933083218753904 0.11161067865770663 0 3 0
0.26800000000000018 176.543 146.987 1 0.098325575838121154 0.091964365349062466 0 6 0
0.26900000000000018 169.864 142.228 1 0.14191679290115233 0.14140627221447266 0 0 0
0.27000000000000018 172.864 145.228 1 0.12473155626077841 0.11651517791109502 0 0 0
0.27100000000000019 174.864 147.228 1 0.10277563534671072 0.09600554820555314 0 5 0
0.27200000000000019 168.826 142.161 1 0.15414837962619743 0.14550870288314921 0 0 0
0.27300000000000019 170.826 144.161 1 0.12701435088828522 0.1198954766188058 0 0 0
0.27400000000000019 173.826 147.161 1 0.10465660015819399 0.10537688374699729 0 4 0
0.27500000000000019 167.754 142.3 1 0.092342535385086549 0.12483463337934363 0 0 0
0.27600000000000019 169.754 144.3 1 0.13070384606357208 0.12545656229117347 0 0 0
0.27700000000000019 172.754 147.3 1 0.10769665050404192 0.11026455670122669 0 3 0
0.27800000000000019 165.5 142.066 1 0.095016530908368674 0.12506127611688189 0 0 0
0.27900000000000019 168.5 145.066 1 0.13290532563014215 0.12935260883000874 0 0 0
0.28000000000000019 171.5 148.066 1 0.11681132135461712 0.11368881635449986 0 3 0
0.28100000000000019 165.15 142.568 1 0.096249562883748238 0.09451562422050179 0 0 0
0.28200000000000019 168.15 145.568 1 0.1345918110022413 0.1412708762057551 0 1 0
0.2830000000000002 170.15 147.568 1 0.11829358388868864 0.11640361503770104 0 2 0
0.2840000000000002 164.712 142.364 1 0.097470909576251014 0.096333086317775915 0 0 0
0.2850000000000002 167.712 144.364 1 0.13577902706853057 0.14286825500218744 0 0 0
0.2860000000000002 169.712 147.364 1 0.1193370355094507 0.11771981460751529 0 1 0
0.2870000000000002 172.712 149.364 1 0.098330687217870152 0.10346468080738648 0 5 0
0.2880000000000002 165.751 144.071 1 0.14419961835327885 0.14850971258796397 0 0 0
0.2890000000000002 168.751 147.071 1 0.12317116157128287 0.12236823241806113 0 0 0
0.2900000000000002 171.751 149.071 1 0.10148990974196281 0.10755020427368656 0 3 0
0.2910000000000002 165.532 144.931 1 0.11807438498999497 0.150285304221279 0 0 0
0.2920000000000002 168.532 147.931 1 0.12844055487203787 0.12497568402021891 0 0 0
0.2930000000000002 170.532 149.931 1 0.10583175602859565 0.10984190978339553 0 3 0
0.29400000000000021 164.973 144.646 1 0.11860098714364531 0.15009027804011066 0 0 0
0.29500000000000021 166.973 146.646 1 0.13209860293507636 0.13478350895816651 0 0 0
0.29600000000000021 169.973 149.646 1 0.11610228773590696 0.11105818914399708 0 2 0
0.29700000000000021 164.7 144.707 1 0.095665337184737798 0.091509128017819866 0 7 0
0.29800000000000021 166.7 146.707 1 0.13811531260838206 0.13975752971983324 0 0 0
0.29900000000000021 169.7 149.707 1 0.1213904114722108 0.11515665595811454 0 2 0
0.30000000000000021 171.7 151.707 1 0.10002261687468542 0.094886160610018699 0 6 0
0.30100000000000021 165.113 146.51 1 0.14189748742920472 0.14304755265972358 0 0 0
0.30200000000000021 168.113 149.51 1 0.12471458856082446 0.11786755132484548 0 1 0
0.30300000000000021 170.113 151.51 1 0.10276165439276917 0.10359452753160248 0 6 0
0.30400000000000021 164.321 146.153 1 0.15472701517179474 0.14537869100377479 0 0 0
0.30500000000000022 167.321 149.153 1 0.12749113188593927 0.11978835013128417 0 0 0
0.30600000000000022 169.321 151.153 1 0.10504945559449341 0.10528272960757397 0 5 0
0.30700000000000022 163.885 146.113 1 0.10262274072815655 0.13280292758128187 0 0 0
0.30800000000000022 165.885 148.113 1 0.13304757350308583 0.12457979641212591 0 0 0
0.30900000000000022 168.885 151.113 1 0.10962782240549673 0.10949396169034505 0 4 0
0.31000000000000022 163.103 145.794 1 0.10226973804939472 0.13298340220746013 0 0 0
0.31100000000000022 165.103 147.794 1 0.13648663447402248 0.12788549376225047 0 0 0
0.31200000000000022 168.103 150.794 1 0.11246152132564109 0.11239935975197796 0 3 0
0.31300000000000022 170.103 152.794 1 0.098843133977614239 0.092614218545636132 0 6 0
0.31400000000000022 164.647 147.718 1 0.14066065602210617 0.1425437255004767 0 0 0
0.31500000000000022 167.647 150.718 1 0.12362752970692927 0.11745241053811251 0 0 0
0.31600000000000023 169.647 152.718 1 0.10186594549826324 0.096777804093293396 0 5 0
0.31700000000000023 164.467 148.28 1 0.14250907282653846 0.14684925370745802 0 2 0
0.31800000000000023 166.467 150.28 1 0.12525211478894982 0.12100005646061297 0 1 0
0.31900000000000023 169.467 153.28 1 0.10320456235661758 0.099700974256486524 0 7 0
0.32000000000000023 162.722 147.639 1 0.15352852823398544 0.14977865034493931 0 1 0
0.32100000000000023 164.722 149.639 1 0.1265036090795168 0.12341380491068607 0 0 0
0.32200000000000023 167.722 152.639 1 0.10423576187582255 0.10846916447228268 0 2 0
0.32300000000000023 162.948 147.268 1 0.091613462586172159 0.090192830889334039 0 0 0
0.32400000000000023 164.948 150.268 1 0.13078049748774723 0.12888921289458211 0 0 0
0.32500000000000023 167.948 152.268 1 0.10775980933133469 0.11328153477062881 0 2 0
0.32600000000000023 160.947 146.588 1 0.094710769920118384 0.095383592022160082 0 0 0
0.32700000000000023 163.947 149.588 1 0.13308179712572835 0.13315908766474371 0 0 0
0.32800000000000024 165.947 151.588 1 0.11696642325503467 0.11703435439284116 0 0 0
0.32900000000000024 168.947 154.588 1 0.096377362911558115 0.096433336444296608 0 7 0
0.33000000000000024 163.27 149.6 1 0.1409841627662857 0.14725586210924507 0 0 0
0.33100000000000024 166.27 151.6 1 0.12391186180630578 0.12133509145964406 0 2 0
0.33200000000000024 159.679 146.872 1 0.10210022792877979 0.099977034588940125 0 5 0
0.33300000000000024 161.679 148.872 1 0.14225822371923133 0.14701597376997097 0 0 0
0.33400000000000024 164.679 151.872 1 0.12503164194073069 0.12113742955899709 0 0 0
0.33500000000000024 166.679 153.872 1 0.10302289832762843 0.099814166201566204 0 4 0
0.33600000000000024 160.582 149.579 1 0.1212360919877582 0.14535716464296544 0 0 0
0.33700000000000024 163.582 152.579 1 0.12926143294106651 0.12459568949793014 0 2 0
0.33800000000000024 165.582 154.579 1 0.10650813871486803 0.10950793022279016 0 4 0
0.33900000000000025 160.215 149.092 1 0.1188365724068223 0.14426401209330442 0 0 0
0.34000000000000025 162.215 152.092 1 0.13246651997931869 0.12666423742445751 0 0 0
0.34100000000000025 165.215 154.092 1 0.10914904905522474 0.1113259899238396 0 3 0
0.34200000000000025 159.66 149.455 1 0.11739262476968761 0.14213301486723251 0 0 0
0.34300000000000025 161.66 151.455 1 0.13497208940867889 0.12861994715705277 0 0 0
0.34400000000000025 164.66 154.455 1 0.11862781295684667 0.11304487543100342 0 2 0
0.34500000000000025 158.515 149.169 1 0.097746305842128289 0.093146107075106579 0 6 0
0.34600000000000025 160.515 151.169 1 0.14018421130618952 0.14203948219703538 0 0 0
0.34700000000000025 163.515 154.169 1 0.12320877946833063 0.1170369268591295 0 1 0
0.34800000000000025 165.515 156.169 1 0.10152090593398826 0.096435456091201674 0 5 0
0.34900000000000025 159.113 151.591 1 0.14361848501475477 0.14574473382434977 0 0 0
0.35000000000000026 162.113 154.591 1 0.12622718409499933 0.12008996012138196 0 0 0
0.35100000000000026 164.113 156.591 1 0.10400799470718329 0.098951077980875018 0 5 0
0.35200000000000026 158.063 151.281 1 0.10315570084053455 0.12876808393895328 0 0 0
0.35300000000000026 160.063 153.281 1 0.13188200851985196 0.12514460041356623 0 0 0
0.35400000000000026 163.063 156.281 1 0.10866742645373544 0.10999037145723595 0 4 0
0.35500000000000026 157.655 150.679 1 0.10313043150111559 0.1292439230380158 0 2 0
0.35600000000000026 159.655 152.679 1 0.13603511271994151 0.12861383474095237 0 0 0
0.35700000000000026 162.655 155.679 1 0.1120894788646979 0.11303950319029016 0 1 0
0.35800000000000026 165.655 157.679 1 0.098516143533425887 0.093141680485163386 0 6 0
0.35900000000000026 159.495 152.335 1 0.14041392711079401 0.13448921418919801 0 0 0
0.36000000000000026 162.495 155.335 1 0.1234106781247213 0.1182034109084748 0 2 0
0.36100000000000027 164.495 157.335 1 0.10168726530052109 0.097396609330103134 0 6 0
0.36200000000000027 158.623 152.625 1 0.14235914476919542 0.13875246997037408 0 0 0
0.36300000000000027 161.623 155.625 1 0.12512034208230066 0.12195041305989909 0 0 0
0.36400000000000027 163.623 157.625 1 0.10309598499213007 0.10048404396415024 0 5 0
0.36500000000000027 158.165 153.106 1 0.14744847396202126 0.089502763126125914 0 1 0
0.36600000000000027 160.165 155.106 1 0.12959338531818274 0.12832976184852704 0 0 0
0.36700000000000027 163.165 158.106 1 0.10678165904513348 0.10574046539032685 0 5 0
0.36800000000000027 157.948 151.238 1 0.15481732518884853 0.15541123280820113 0 0 0
0.36900000000000027 159.948 154.238 1 0.12932617455417533 0.1280549098456247 0 0 0
0.37000000000000027 162.948 157.238 1 0.10656148416023968 0.11254826060650608 0 1 0
0.37100000000000027 157.223 150.901 1 0.093657554437710663 0.092736909069081552 0 0 0
0.37200000000000027 160.223 153.901 1 0.13497441818384251 0.13138486851776091 0 2 0
0.37300000000000028 162.223 155.901 1 0.11121549349864954 0.11547498209568829 0 1 0
0.37400000000000028 157.148 151.341 1 0.097747992332797448 0.09514845326487989 0 0 0
0.37500000000000028 160.148 154.341 1 0.13890747866532499 0.13394851842502187 0 0 0
0.37600000000000028 162.148 156.341 1 0.12208665117069581 0.11772819002199188 0 3 0
0.37700000000000028 155.892 150.661 1 0.10059630070827597 0.097005039385796521 0 0 0
0.37800000000000028 157.892 152.661 1 0.14161105275622249 0.14449356746518327 0 0 0
0.37900000000000028 160.892 155.661 1 0.12446283933652366 0.11905903080932459 0 0 0
0.38000000000000028 163.892 158.661 1 0.10255421942401546 0.098101618403679314 0 4 0
0.38100000000000028 157.965 152.365 1 0.14753114025634356 0.139624024284286 0 0 0
0.38200000000000028 160.965 155.365 1 0.12966604124092695 0.12341372195758622 0 0 0
0.38300000000000028 162.965 157.365 1 0.10684152568069542 0.10168977334151698 0 4 0
0.38400000000000029 157.703 151.817 1 0.1515989839221516 0.13961311912309454 0 0 0
0.38500000000000029 160.703 154.817 1 0.13324129446282856 0.12639020435557713 0 0 0
0.38600000000000029 162.703 156.817 1 0.10978744355762851 0.11108514054689396 0 3 0
0.38700000000000029 156.757 151.548 1 0.096492870314321938 0.09153133528949392 0 0 0
0.38800000000000029 158.757 153.548 1 0.13923624388351052 0.13196591558251553 0 0 0
0.38900000000000029 161.757 156.548 1 0.11472712966475782 0.11598566799244529 0 2 0
0.39000000000000029 156.45 151.924 1 0.10083439130691604 0.095569245477173548 0 6 0
0.39100000000000029 158.45 153.924 1 0.14337123681598266 0.1360444143428465 0 0 0
0.39200000000000029 161.45 156.924 1 0.11813425885105994 0.11957028604351745 0 1 0
0.39300000000000029 163.45 158.924 1 0.10382893844331439 0.098522879735564312 0 5 0
0.39400000000000029 157.913 153.095 1 0.14652287015424481 0.13841305164102694 0 0 0
0.3950000000000003 160.913 156.095 1 0.12877986634650423 0.12165209616887133 0 0 0
0.3960000000000003 162.913 158.095 1 0.10611134006822553 0.10023823842039568 0 4 0
0.3970000000000003 157.71 152.62 1 0.15276764668739423 0.12544278153227337 0 0 0
0.3980000000000003 160.71 155.62 1 0.13426843947134259 0.12664395168018033 0 0 0
0.3990000000000003 162.71 157.62 1 0.11063378496479036 0.10435140061538296 0 4 0
0.4000000000000003 156.72 152.812 1 0.15363546502611453 0.12533851591863293 0 0 0
0.4010000000000003 158.72 154.812 4 0.13503117043310847 0.13019589645694282 0.05859375 2 0
0.4020000000000003 152.183 148.242 14.6138 0.1729810059110696 0.17275803336997561 0.063904762268066406 0 0
0.4030000000000003 155.183 150.242 16.6138 0.15280505762126287 0.15183811526658011 0.11057477710502489 4 0
0.4040000000000003 146.663 141.478 17.7235 0.1883848708319118 0.18831735057972804 0.1535964475586053 0 0
0.4050000000000003 149.663 144.478 20.7235 0.15522435035588439 0.16551329640796411 0.12655957287848948 2 0
0.40600000000000031 151.663 146.478 22.7235 0.1364276516799765 0.13637875375412081 0.1112339996002349 3 0
0.40700000000000031 145.419 139.986 23.5301 0.17488990946629948 0.17614351914189974 0.1540999523382019 0 0
0.40800000000000031 148.419 142.986 25.5301 0.15371183449186479 0.15481363987081032 0.13543941123474776 1 0
0.40900000000000031 150.419 144.986 28.5301 0.12665464878174892 0.12756250843847283 0.11159863596613126 6 0
0.41000000000000031 143.83 138.675 29.0046 0.16329576163046938 0.16516057878069534 0.15049006375673774 2 0
0.41100000000000031 146.83 141.675 31.0046 0.14352166549552972 0.14516066494397051 0.13226665759869527 0 0
0.41200000000000031 139.443 134.509 32.1739 0.11910854839958294 0.1367741951515698 0.11093749252822181 0 0
0.41300000000000031 142.443 137.509 34.1739 0.16288040067804543 0.16568744122609111 0.14467672252552899 2 0
0.41400000000000031 144.443 139.509 36.1739 0.13420931452353596 0.1365222446626117 0.12715727565720322 3 0
0.41500000000000031 138.23 133.454 36.0644 0.17346222268143086 0.17765844303289097 0.16721278151631069 0 0
0.41600000000000031 141.23 136.454 38.0644 0.15245703165360133 0.15614511594687683 0.14696435875456995 0 0
0.41700000000000031 143.23 138.454 41.0644 0.12562072310324818 0.1286596109181419 0.12109490009684412 7 0
0.41800000000000032 137.171 132.483 40.7013 0.1624605644389634 0.16766184308026261 0.15831704816656822 0 0
0.41900000000000032 139.171 134.483 42.7013 0.14278760546393268 0.14735904176976206 0.13914584311514785 0 0
0.42000000000000032 133.808 129.104 45.7013 0.11765336143573556 0.12187966770364339 0.11465264172695899 0 0
0.42100000000000032 136.808 132.104 45.2127 0.16200002469937697 0.16528686008681592 0.15301097872529043 0 0
0.42200000000000032 138.808 134.104 47.2127 0.13348390707040947 0.13619217597485442 0.13448230552027479 3 0
0.42300000000000032 133.516 128.927 42.4062 0.17246245938454505 0.17469336395306029 0.17070583849225118 0 0
0.42400000000000032 135.516 130.927 44.4062 0.15157833344344779 0.15353908941186939 0.19951359502899682 0 0
0.42500000000000032 138.516 133.927 47.4062 0.12489669808877839 0.12651231122193826 0.1643941365290196 3 0
0.42600000000000032 132.827 129.37 45.8369 0.11022212884236016 0.11119246103490668 0.13806076109670601 0 0
0.42700000000000032 134.827 131.37 48.8369 0.14535668452319195 0.14655140527168214 0.17871551268265176 0 0
0.42800000000000032 137.827 134.37 50.8369 0.1197702173500422 0.12075463691209161 0.14725704475194082 6 0
0.42900000000000033 133.002 127.764 49.2588 0.16774158564792532 0.16816558718807026 0.18709127426053068 0 0
0.43000000000000033 135.002 130.764 51.2588 0.13821480751019238 0.13899670661695415 0.16443569026804453 0 0
0.43100000000000033 129.169 124.655 49.6507 0.11434169640761363 0.12359464253529949 0.13549083365592046 0 0
0.43200000000000033 131.169 126.655 51.6507 0.15866169000241476 0.16202402112950026 0.17818739377165313 0 0
0.43300000000000033 134.169 129.655 54.6507 0.13073320404251704 0.13350367951954673 0.14682188817854722 1 0
0.43400000000000033 136.169 123.931 53.1918 0.11490223011549348 0.11733721832772662 0.12211387159598201 8 0
0.43500000000000033 130.804 125.931 55.1918 0.15324334290091393 0.15783259234065683 0.16487407799312037 0 0
0.43600000000000033 133.804 128.931 58.1918 0.12626862360609972 0.13005004862053632 0.13585205401044465 3 0
0.43700000000000033 129.236 123.949 56.6261 0.11144470037674634 0.12060025015779635 0.1204788055520139 0 0
0.43800000000000033 131.236 125.949 58.6261 0.14635234304317682 0.15205188789237131 0.1532720726113313 0 0
0.43900000000000033 134.236 128.949 61.6261 0.12862998900279213 0.12528689493084794 0.12629229615801835 8 0
0.44000000000000034 127.143 121.871 59.9458 0.17149385328659242 0.17485388694776477 0.17345106075619887 1 0
0.44100000000000034 130.143 124.871 61.9458 0.14130658077203354 0.14407516319548488 0.14291927003226837 0 0
0.44200000000000034 133.143 127.871 64.9458 0.1241952370066701 0.12662856140228163 0.11776184969699846 6 0
0.44300000000000034 127.36 122.281 63.1217 0.16090306618014197 0.16293246941716322 0.1682246204409317 0 0
0.44400000000000034 130.36 125.281 66.1217 0.13258004110302227 0.13425221784251118 0.13861281591507435 4 0
0.44500000000000034 124.165 119.334 64.0013 0.17899904866790808 0.17949511333814461 0.12277463993482801 0 0
0.44600000000000034 127.165 122.334 66.0013 0.14749067120463616 0.14928424717377956 0.15527495137324726 0 0
0.44700000000000034 130.165 124.334 69.0013 0.12963047273844974 0.12300642925085595 0.12794261740349352 6 0
0.44800000000000034 124.224 118.687 66.5872 0.16538107365542618 0.16701315842002287 0.17891326093023041 0 0
0.44900000000000034 127.224 121.687 69.5872 0.13626980556324789 0.13761460196962333 0.14741998428699404 3 0
0.45000000000000034 129.224 116.207 66.2686 0.11976838379582333 0.12095033376236426 0.1223631811098017 6 0
0.45100000000000035 123.938 118.207 69.2686 0.15725146880887114 0.16135071027621917 0.16530246107585808 0 0
0.45200000000000035 126.938 121.207 71.2686 0.13820929875779689 0.1329488884722265 0.1362050307937063 2 0
0.45300000000000035 121.564 116.009 68.883 0.11437307894020032 0.11684960900879282 0.11971145284603094 0 0
0.45400000000000035 124.564 119.009 71.883 0.14874300022538478 0.15171355284569282 0.15907297804229414 0 0
0.45500000000000035 127.564 121.009 73.883 0.13073115254184209 0.13334198980578471 0.13107209494451724 5 0
0.45600000000000035 121.204 115.828 71.2822 0.17018839247479212 0.17234236474930809 0.17516629966354583 0 0
0.45700000000000035 124.204 118.828 74.2822 0.14957964182354774 0.1420057326730749 0.14668679651057723 2 0
0.45800000000000035 126.204 121.828 76.2822 0.12324982694201017 0.12480972598219474 0.12892394224562451 6 0
0.45900000000000035 120.882 116.669 73.6722 0.16011941364996013 0.16140731301648611 0.16547967272334752 0 0
0.46000000000000035 123.882 119.669 76.6722 0.14072995340328529 0.14186189620589601 0.1363510486917231 2 0
0.46100000000000035 118.552 114.558 73.9582 0.11646194064089846 0.11689060051144995 0.11983978888920976 0 0
0.46200000000000035 121.552 117.558 76.9582 0.15045386954663875 0.15175603839059637 0.1580045313057509 2 0
0.46300000000000036 124.552 119.558 78.9582 0.13223484628122545 0.1333793306167351 0.13019172196213605 4 0
0.46400000000000036 118.282 114.46 76.0786 0.17142665379420685 0.17237273296407146 0.16971477966924517 0 0
0.46500000000000036 121.282 117.46 79.0786 0.15066795743631461 0.14203075531097198 0.14716488803313049 2 0
0.46600000000000036 123.282 119.46 81.0786 0.12414657137391646 0.12483171853503396 0.12934413987286858 8 0
0.46700000000000036 117.63 114.438 79.1311 0.16332774331187006 0.16142114248915321 0.16513330300487514 0 0
0.46800000000000036 120.63 117.438 81.1311 0.14354977439519828 0.14187405101585732 0.13606564883824551 3 0
0.46900000000000036 114.894 111.484 77.2201 0.12654583209307024 0.117430276783189 0.11958894917423921 0 0
0.47000000000000036 117.894 114.484 80.2201 0.16570383063278685 0.15122568468804831 0.15374307751382654 2 0
0.47100000000000036 120.894 117.484 82.2201 0.13653574911759173 0.13291319943285496 0.12668039223856559 1 0
0.47200000000000036 114.58 111.964 79.5316 0.11663422194984931 0.11005128961765617 0.11134018849092679 0 0
0.47300000000000036 117.58 114.964 82.5316 0.16059031637245183 0.15482195906212828 0.14711185362103082 3 0
0.47400000000000037 119.58 116.964 84.5316 0.13232234320239866 0.12756936324088938 0.12929752759660912 3 0
0.47500000000000037 114.537 112.32 81.6716 0.1714976989684478 0.16758052949249258 0.16168493861809868 0 0
0.47600000000000037 117.537 115.32 84.6716 0.15073039948398731 0.14728757474926105 0.14009073921779372 0 0
0.47700000000000037 119.537 117.32 86.6716 0.12419802203575614 0.12136122186981349 0.123126626265639 7 0
0.47800000000000037 114.546 112.646 84.6116 0.17162559217461171 0.15859231538345228 0.16458911494368222 2 0
0.47900000000000037 116.546 114.646 86.6116 0.14141513027082875 0.13938777719248735 0.13561725169309752 3 0
0.48000000000000037 111.608 109.947 83.3306 0.11705213774157001 0.11485198926382929 0.1191948501208865 0 0
0.48100000000000037 114.608 112.947 85.3306 0.16097504823353695 0.15960094447261153 0.15988972028130907 1 0
0.48200000000000037 116.608 114.947 87.3306 0.1326393524873504 0.13150712587770114 0.1405280744659943 1 0
0.48300000000000037 111.695 110.189 84.1587 0.1237145355765944 0.11759766310989037 0.11579156526433856 0 0
0.48400000000000037 114.695 113.189 87.1587 0.15676979610168373 0.15609169609267709 0.15058195597550045 1 0
0.48500000000000038 116.695 115.189 89.1587 0.12917433150468324 0.12861559431464481 0.13234742224409218 4 0
0.48600000000000038 111.568 110.184 85.8834 0.1242158879827987 0.17078284652958073 0.17151482784249264 0 0
0.48700000000000038 114.568 113.184 88.8834 0.15079045723902257 0.1501021112076393 0.15074545415844082 1 0
0.48800000000000038 116.568 115.184 90.8834 0.12424750810100127 0.12368032844867741 0.12421042670525824 5 0
0.48900000000000038 111.327 110.999 87.5918 0.17482808539269445 0.17514111496384013 0.16101569034414709 0 0
0.49000000000000038 113.327 112.999 89.5918 0.14405390336922458 0.14431183178783213 0.14151769659153551 0 0
0.49100000000000038 116.327 115.999 92.5918 0.1186967587576008 0.11890928522556971 0.11660698876866024 7 0
0.49200000000000038 111.423 112.446 89.5308 0.16979097104999508 0.16698083173390282 0.15491945467397536 0 0
0.49300000000000038 113.423 114.446 91.5308 0.13990344904632163 0.13758796560105518 0.13615967695954864 2 0
0.49400000000000038 109.295 109.434 88.9343 0.1235102613774037 0.12147040115242198 0.1678986383745007 3 0
0.49500000000000038 111.295 111.434 90.9343 0.15622329355703296 0.15454250052497409 0.1549755678062523 0 0
0.49600000000000039 114.295 114.434 93.9343 0.12872402728393217 0.12733909650190126 0.12769593294582557 6 0
0.49700000000000039 109.367 110.544 90.2518 0.17560208675414132 0.17441912778487415 0.16830624410222142 0 0
0.49800000000000039 111.367 112.544 93.2518 0.14469166083867846 0.14422089268980384 0.14792540985546804 0 0
0.49900000000000039 106.578 107.738 89.4468 0.11977535206450281 0.11883435371779492 0.12188678180229605 6 0
0.50000000000000033 109.578 109.738 91.4468 0.16334652676437997 0.16323217651891814 0.16072599145890665 0 0
0.50100000000000033 111.578 112.738 94.4468 0.13459339058344297 0.13449916888460664 0.14126307843067967 1 0
0.50200000000000033 113.578 114.738 96.4468 0.11829497219247917 0.1182121601524863 0.11639718986902928 7 0
0.50300000000000034 110.224 110.38 93.1528 0.15682503203495349 0.15651535600938629 0.16476795230744934 3 0
0.50400000000000034 113.224 113.38 95.1528 0.12921984451122268 0.12896467932902314 0.1357646091400492 3 0
0.50500000000000034 108.306 108.466 91.3845 0.16943496082334888 0.1675514025145331 0.17433232543224442 0 0
0.50600000000000034 111.306 111.466 94.3845 0.1462840433049154 0.14627217853994953 0.15322177039943358 3 0
0.50700000000000034 113.306 113.466 96.3845 0.12856995993596082 0.12052456117488516 0.12625084841261924 6 0
0.50800000000000034 109.417 109.568 92.6488 0.16649349582301146 0.16661607017947419 0.17342839438677643 0 0
0.50900000000000034 112.417 112.568 95.6488 0.13718641318424404 0.13728741134172984 0.14290059351937753 1 0
0.51000000000000034 107.519 107.656 90.927 0.12057399596271449 0.12066276387456724 0.11840435546142686 0 0
0.51100000000000034 110.519 110.656 93.927 0.15716556520361835 0.15680831672227286 0.1620497264797697 3 0
0.51200000000000034 112.519 112.656 95.927 0.12950043519585253 0.12920607151798608 0.13352486007549383 3 0
0.51300000000000034 107.628 108.711 92.2076 0.15142936134038132 0.15448922733492795 0.17248682907167937 0 0
0.51400000000000035 110.628 111.711 95.2076 0.14809398497273321 0.14783039350295216 0.15159975211378068 1 0
0.51500000000000035 112.628 113.711 97.2076 0.12202568341869496 0.12180849074034754 0.12491434652929928 6 0
0.51600000000000035 107.756 109.725 93.4841 0.16951894608506951 0.16931852522241717 0.17225402154485975 0 0
0.51700000000000035 109.756 111.725 96.4841 0.13967930738210685 0.13951416568009226 0.14193294011569862 1 0
0.51800000000000035 112.756 114.725 98.4841 0.12276501625380484 0.12261987217976858 0.11694913888927803 8 0
0.51900000000000035 108.236 110.131 94.7253 0.15972072747577176 0.15962941128093724 0.16627658560123215 0 0
0.52000000000000035 111.236 113.131 97.7253 0.13160582403093987 0.13153058180497149 0.137007684668984 5 0
0.52100000000000035 106.342 109.094 93.3849 0.17813398983575179 0.17699685572426022 0.17705770688545491 0 0
0.52200000000000035 108.342 111.094 96.3849 0.1467778846913238 0.14736679396225053 0.15561712519229434 0 0
0.52300000000000035 110.342 113.094 99.3849 0.1290040002169838 0.12142649648989148 0.12822455994238122 5 0
0.52400000000000035 105.638 109.167 95.0131 0.16485647878319254 0.1664250359378675 0.17871059198324865 0 0
0.52500000000000036 108.638 112.167 98.0131 0.13583755270831904 0.13713000397712471 0.14725299022057231 2 0
0.52600000000000036 110.638 107.287 93.0064 0.11938847406004603 0.12052441755801976 0.12133272509629678 7 0
0.52700000000000036 106.415 109.287 96.0064 0.15693811082869225 0.16028197681904266 0.1653068779730823 0 0
0.52800000000000036 109.415 112.287 98.0064 0.13793388647053029 0.13206827923932349 0.13620867020487129 4 0
0.52900000000000036 105.109 107.654 94.0202 0.11422741471954363 0.11607563605018666 0.14064157673463792 0 0
0.53000000000000036 107.109 110.654 97.0202 0.14855275149731573 0.15111755221962944 0.15789433792958746 0 0
0.53100000000000036 109.109 113.654 100.02 0.13056394174568767 0.12451702605987533 0.13010092541805607 4 0
0.53200000000000036 104.76 108.02 94.9205 0.17005074841963097 0.17027950040003909 0.14122151648071335 0 0
0.53300000000000036 107.76 111.02 97.9205 0.14011749900299184 0.14183186373294238 0.15003072361544414 3 0
0.53400000000000036 109.76 113.02 99.9205 0.1231501456080983 0.12465691148403139 0.12362150688528419 5 0
0.53500000000000036 105.392 108.416 96.6826 0.16003274578819154 0.16194772486997608 0.17345995367225794 0 0
0.53600000000000037 108.392 111.416 98.6826 0.14065378047790272 0.1334408133389085 0.14292659756930434 1 0
0.53700000000000037 110.392 113.416 100.683 0.1158951438263969 0.11728196484865006 0.1256190798948964 8 0
0.53800000000000037 106.363 108.766 97.754 0.15405969541400333 0.15860202856255523 0.16217263952328628 0 0
0.53900000000000037 109.363 111.766 99.754 0.13540402917246386 0.13068404453091406 0.13362613730251249 4 0
0.54000000000000037 104.175 107.232 95.7787 0.11214287654059485 0.11485902351349869 0.11744484723853638 0 0
0.54100000000000037 107.175 110.232 98.7787 0.14683514496558914 0.15011509437995124 0.15562552463470325 3 0
0.54200000000000037 109.175 112.232 100.779 0.12905432662991234 0.13193709466987902 0.12823148086965905 6 0
0.54300000000000037 104.539 108.229 96.3172 0.16489764103932009 0.16816204532166171 0.175639786419269 0 0
0.54400000000000037 107.539 111.229 99.3172 0.1449295673197149 0.13856125560561725 0.14472272440552561 1 0
0.54500000000000037 109.539 113.229 101.317 0.11941828361914986 0.12178235355962452 0.127197706997044 8 0
0.54600000000000037 105.376 108.765 98.2167 0.15696245255995578 0.15979244376842958 0.17064668671186259 2 0
0.54700000000000037 108.376 110.765 100.217 0.13795528057027362 0.13166491643516842 0.14060853702454498 2 0
0.54800000000000038 103.128 106.241 95.9006 0.11425035212281344 0.11572111796059725 0.12358172199422898 0 0
0.54900000000000038 106.128 109.241 98.9006 0.15847154120599194 0.15140448628233241 0.16403530794141749 1 0
0.55000000000000038 108.128 111.241 100.901 0.13057652626226141 0.13307034927158121 0.13516092878473732 4 0
0.55100000000000038 103.866 107.619 97.7568 0.17009174222049128 0.14201266048901737 0.11941259694589865 1 0
0.55200000000000038 106.866 109.619 99.7568 0.14949469531097864 0.14551709281477088 0.15278604305162763 0 0
0.55300000000000038 108.866 112.619 101.757 0.12317983317249827 0.12789588235673222 0.13428460815084461 5 0
0.55400000000000038 105.522 107.867 96.6611 0.1573781313100758 0.14337356610436888 0.11864239326376641 0 0
0.55500000000000038 107.522 109.867 96.6611 0.13832062322174632 0.11813617812554811 0.11864239326376641 0 0
0.55600000000000038 110.522 112.867 96.6611 0.11397268148764497 0.10383062530565752 0.11864239326376641 2 0
0.55700000000000038 112.522 114.867 96.6611 0.10017130208875047 0.08555379892739115 0.11864239326376641 0 0
0.55800000000000038 115.522 117.867 96.6611 0.082538609509163294 0.075193768588527374 0.11864239326376641 2 0
0.55900000000000039 118.522 119.867 96.6611 0.068009718528668481 0.061957756100165989 0.11864239326376641 0 0
0.56000000000000039 120.522 122.867 96.6611 0.059774166675587527 0.051051617880385793 0.11864239326376641 0 0
0.56100000000000039 123.522 125.867 96.6611 0.049252395637233375 0.044869586027682824 0.11864239326376641 1 0
0.56200000000000039 125.522 127.867 96.6611 0.040582723455972324 0.036971399619977911 0.11864239326376641 0 0
0.56300000000000039 128.522 130.867 96.6611 0.035668409287475673 0.030463494559918328 0.11864239326376641 2 0
0.56400000000000039 131.522 132.867 96.6611 0.029389863609675385 0.02677455576555322 0.11864239326376641 1 0
0.56500000000000039 133.522 135.867 96.6611 0.024216501387366803 0.02206155412811087 0.11864239326376641 0 0
0.56600000000000039 136.522 138.867 96.6611 0.021284034422490355 0.018178160444915572 0.11864239326376641 1 0
0.56700000000000039 139.522 140.867 96.6611 0.017537503949195545 0.015976898828539077 0.11864239326376641 0 0
0.56800000000000039 141.522 143.867 96.6611 0.015413821830347646 0.013164558971269381 0.11864239326376641 0 0
0.56900000000000039 144.522 145.867 96.6611 0.012700597821636548 0.011570413158342228 0.11864239326376641 1 0
0.5700000000000004 146.522 148.867 96.6611 0.010464970128911951 0.0095337266624523961 0.11864239326376641 0 0
0.5710000000000004 149.522 151.867 96.6611 0.0091977276523640197 0.0078555487025822358 0.11864239326376641 1 0
0.5720000000000004 152.522 153.867 96.6611 0.0075786940494942797 0.0069042908518789185 0.11864239326376641 0 0
0.5730000000000004 154.522 156.867 96.6611 0.0062446514690046853 0.0056889603576883181 0.11864239326376641 0 0
0.5740000000000004 157.522 159.867 96.6611 0.005488463205179899 0.0046875588884760918 0.11864239326376641 1 0
0.5750000000000004 159.522 161.867 96.6611 0.0045223543255571673 0.0041199248043246898 0.11864239326376641 5 0
0.5760000000000004 159.474 160.428 96.6611 0.082339586388856301 0.087003020884713955 0.11864239326376641 3 0
0.5770000000000004 152.529 153.505 96.6611 0.13110993275995808 0.13590436800147426 0.11864239326376641 2 0
0.5780000000000004 154.529 155.505 96.6611 0.15204932527096962 0.15065073239739074 0.11864239326376641 0 0
0.5790000000000004 157.529 158.505 96.6611 0.13363710228893816 0.12413237837919769 0.11864239326376641 0 0
0.5800000000000004 160.529 161.505 96.6611 0.11011357915653475 0.10910072318484172 0.11864239326376641 3 0
0.58100000000000041 154.191 155.194 96.6611 0.15535705077639211 0.15379903491613434 0.11864239326376641 0 0
0.58200000000000041 157.191 158.194 96.6611 0.13654428290893839 0.12672649971727379 0.11864239326376641 0 0
0.58300000000000041 159.191 160.194 96.6611 0.11250902217228199 0.11138071264213516 0.11864239326376641 4 0
0.58400000000000041 153.69 154.726 96.6611 0.15823063639491136 0.15639173589766314 0.11864239326376641 0 0
0.58500000000000041 156.69 157.726 96.6611 0.13906989526896504 0.13745367412880549 0.11864239326376641 0 0
0.58600000000000041 158.69 159.726 96.6611 0.11459006263006764 0.11325833744744106 0.11864239326376641 1 0
0.58700000000000041 153.548 154.627 96.6611 0.10071392223345789 0.10302696330081657 0.11864239326376641 0 0
0.58800000000000041 155.548 156.627 96.6611 0.14224091884171292 0.14267665072984209 0.11864239326376641 0 0
0.58900000000000041 158.548 159.627 96.6611 0.11720290553974147 0.11756193755205495 0.11864239326376641 1 0
0.59000000000000041 160.548 154.225 96.6611 0.10301036619703841 0.10269103293828226 0.11864239326376641 5 0
0.59100000000000041 154.764 156.225 96.6611 0.14344878806518668 0.14618618839568487 0.11864239326376641 0 0
0.59200000000000041 157.764 159.225 96.6611 0.11819815911132936 0.1204537074793546 0.11864239326376641 2 0
0.59300000000000042 159.764 161.225 96.6611 0.10388510078144181 0.1058675163392765 0.11864239326376641 5 0
0.59400000000000042 154.425 156.631 96.6611 0.14809868533627102 0.12097447670950033 0.11864239326376641 0 0
0.59500000000000042 157.425 158.631 96.6611 0.13016486015883197 0.12625972329992655 0.11864239326376641 1 0
0.59600000000000042 159.425 161.631 96.6611 0.10725253980372508 0.11097045993157607 0.11864239326376641 4 0
0.59700000000000042 153.864 155.7 96.6611 0.14970149458925103 0.12345844631255609 0.11864239326376641 1 0
0.59800000000000042 155.864 157.7 96.6611 0.13272247628765743 0.12990584331712762 0.11864239326376641 0 0
0.59900000000000042 158.864 160.7 96.6611 0.10935995055440523 0.1141750576029442 0.11864239326376641 2 0
0.60000000000000042 160.864 162.7 96.6611 0.09010982253933536 0.094077348488754084 0.11864239326376641 7 0
0.60100000000000042 130.29 147.878 79.206 0.19699593777871272 0.17267359549611994 0.22536929095448219 44 0
0.60200000000000042 98.9886 121.84 60.0193 0.29423471093832171 0.27285765229151165 0.31917222837796289 0 0
0.60300000000000042 101.989 124.84 62.0193 0.25806903567052997 0.26556874425875288 0.29594879657608025 0 0
0.60400000000000043 103.989 126.84 65.0193 0.21264233285840786 0.21882190231281518 0.26011124699069554 0 0
0.60500000000000043 106.989 129.84 68.0193 0.18689267536383505 0.19232393757962271 0.21432506313320249 0 0
0.60600000000000043 108.989 132.84 70.0193 0.15399481917796468 0.1584700413406315 0.17659841017445274 1 0
0.60700000000000043 111.989 134.84 72.0193 0.13534700904313302 0.13057529041128693 0.1552134464423901 2 0
0.60800000000000043 107.632 136.84 70.2861 0.11152249890639013 0.11476343883804516 0.12789193890211586 0 0
0.60900000000000043 110.632 131.988 72.2861 0.14749967679152143 0.15514852802350701 0.16031135102408228 0 0
0.61000000000000043 112.632 133.988 74.2861 0.12963838780504813 0.12783844777327541 0.14089864836100982 4 0
0.61100000000000043 108.159 128.839 72.5626 0.15991608508441266 0.12308562267852884 0.15359690874472856 2 0
0.61200000000000043 110.159 130.839 74.5626 0.14049425066193716 0.14986307944102259 0.16058046969613987 0 0
0.61300000000000043 113.159 133.839 77.5626 0.1234812749958432 0.13171559716496126 0.13231422979113089 7 0
0.61400000000000043 108.609 128.514 74.752 0.1617610629387766 0.17416640316954451 0.16793860909694433 0 0
0.61500000000000044 110.609 130.514 76.752 0.14217280922353412 0.14350869401787419 0.14760229315161122 1 0
0.61600000000000044 106.013 124.157 73.963 0.11714678494370794 0.12613068810164724 0.12162054184245308 0 0
0.61700000000000044 108.013 126.157 75.963 0.15307768087308918 0.16538267479966381 0.16632650403759627 0 0
0.61800000000000044 111.013 129.157 78.963 0.13454093045486354 0.13627112486544565 0.13704881619308776 3 0
0.61900000000000044 106.39 124.271 77.0869 0.15494313204506666 0.12025031256953982 0.13903233972471452 1 0
0.62000000000000044 108.39 126.271 79.0869 0.1449334366128871 0.15359551945075403 0.15843200088880643 0 0
0.62100000000000044 111.39 129.271 82.0869 0.1273829032730453 0.13499606201726427 0.13054394604485395 6 0
0.62200000000000044 106.739 123.511 78.0638 0.16640453472221767 0.17370677335334844 0.17072377503695466 0 0
0.62300000000000044 108.739 126.511 81.0638 0.14625398559569913 0.14312997071961694 0.15005019290357341 3 0
0.62400000000000044 110.739 129.511 84.0638 0.12050957065075309 0.12579782582778834 0.12363754908436529 6 0
0.62500000000000044 107.006 123.843 80.8671 0.15748473224705908 0.16222290272277992 0.17182470016709911 0 0
0.62600000000000044 110.006 126.843 83.8671 0.13841431545151678 0.1336675529026812 0.141579190201162 4 0
0.62700000000000045 104.254 122.243 79.5869 0.14614447610066614 0.11797337365262411 0.11816368203801683 0 0
0.62800000000000045 107.254 124.243 82.5869 0.14894153562418733 0.15170955165468908 0.161742599871045 2 0
0.62900000000000045 110.254 127.243 84.5869 0.13090564654469589 0.13333847313400407 0.13327179554804122 5 0
0.63000000000000045 104.489 120.755 81.5425 0.17090421869421157 0.17233675844123419 0.17227482620261222 0 0
0.63100000000000045 107.489 123.755 84.5425 0.15020878596170939 0.14200111321756967 0.15141342146713965 3 0
0.63200000000000045 109.489 126.755 86.5425 0.12376822573749251 0.12480566591387959 0.12476081480751863 5 0
0.63300000000000045 105.079 120.772 83.4229 0.16310239555998232 0.1653056978350487 0.16125189709872301 0 0
0.63400000000000045 108.079 123.772 86.4229 0.1433517148476407 0.14528821098783576 0.14358583782533704 3 0
0.63500000000000045 110.079 125.772 88.4229 0.11811817324482113 0.11971379689549452 0.11831108463391418 7 0
0.63600000000000045 105.577 120.683 85.1922 0.15517671422414142 0.15720558215876318 0.16440875530925617 0 0
0.63700000000000045 108.577 123.683 88.1922 0.1363857839860618 0.13816896869422546 0.13546863993377431 3 0
0.63800000000000046 104.01 117.554 83.8824 0.1473554873044019 0.11435175426563554 0.15516204551469084 0 0
0.63900000000000046 106.01 120.554 86.8824 0.15681748400635295 0.14871158557555852 0.15543350903552577 3 0
0.64000000000000046 108.01 123.554 89.8824 0.12921362512730497 0.13070354200976825 0.12807326489133289 3 0
0.64100000000000046 104.347 117.426 86.4263 0.16954666392180118 0.17016464184134639 0.11818237049898793 0 0
0.64200000000000046 107.347 120.426 89.4263 0.14901562258752057 0.14955876724337083 0.1503721494051504 1 0
0.64300000000000046 109.347 122.426 91.4263 0.12278508941232469 0.12323262681796301 0.12390283306698793 6 0
0.64400000000000046 104.634 117.322 87.7623 0.16054421370229732 0.16010428825462719 0.17390002038387148 2 0
0.64500000000000046 106.634 120.322 89.7623 0.14110331282428476 0.14071665959879343 0.14328920136610504 0 0
0.64600000000000046 109.634 122.322 92.7623 0.11626554706590846 0.11594695462547065 0.11806666372329212 7 0
0.64700000000000046 105.572 117.674 89.5966 0.16465589149716381 0.16440650308879257 0.16623406819960013 1 0
0.64800000000000046 108.572 119.674 91.5966 0.13567227387766792 0.13546678416129759 0.13697265140958265 1 0
0.64900000000000047 111.572 122.674 92.5966 0.11179050887136943 0.11162119056259262 0.12841186069648372 2 0
0.65000000000000047 113.572 124.674 92.5966 0.098253376937727038 0.098104562017903671 0.12841186069648372 0 0
0.65100000000000047 116.572 127.674 92.5966 0.08095828788203828 0.080835668166607644 0.12841186069648372 2 0
0.65200000000000047 118.572 130.674 92.5966 0.066707573633271289 0.066606538101147666 0.12841186069648372 0 0
0.65300000000000047 121.572 132.674 92.5966 0.058629703388617352 0.058540902627961813 0.12841186069648372 0 0
0.65400000000000047 124.572 135.674 92.5966 0.048309386947408092 0.04823621737533474 0.12841186069648372 2 0
0.65500000000000047 126.572 137.674 92.5966 0.03980570823913631 0.039745418369569026 0.12841186069648372 0 0
0.65600000000000047 129.572 140.674 92.5966 0.034985485757053396 0.034932496613879024 0.12841186069648372 2 0
0.65700000000000047 132.572 143.674 92.5966 0.028827151960462698 0.028783490251914481 0.12841186069648372 0 0
0.65800000000000047 134.572 145.674 92.5966 0.025336364027750417 0.023716865136770356 0.12841186069648372 0 0
0.65900000000000047 137.572 148.674 92.5966 0.020876520652748452 0.020844900999114572 0.12841186069648372 2 0
0.66000000000000048 139.572 150.674 92.5966 0.017201722949957525 0.017175669158205977 0.12841186069648372 0 0
0.66100000000000048 142.572 153.674 92.5966 0.015118701811486106 0.015095802971079474 0.12841186069648372 1 0
0.66200000000000048 145.572 156.674 92.5966 0.012457426419376369 0.012438558356297173 0.12841186069648372 0 0
0.66300000000000048 147.572 158.674 92.5966 0.010264603067723449 0.010249056262818105 0.12841186069648372 0 0
0.66400000000000048 150.572 161.674 92.5966 0.0090216237899913131 0.0090079596059924744 0.12841186069648372 1 0
0.66500000000000048 152.572 163.674 92.5966 0.007433588938286299 0.0074223299976134277 0.12841186069648372 0 0
0.66600000000000048 155.572 166.674 92.5966 0.0061250885416787746 0.0061158114604358688 0.12841186069648372 6 0
0.66700000000000048 154.788 166.462 92.5966 0.0901868060204397 0.070346045699531248 0.12841186069648372 3 0
0.66800000000000048 156.788 163.572 92.5966 0.10913758035705895 0.11256408265360619 0.12841186069648372 4 0
0.66900000000000048 150.665 158.382 92.5966 0.098708325689517998 0.098933275769771067 0.12841186069648372 0 0
0.67000000000000048 153.665 160.382 92.5966 0.13590340235454798 0.13645014788158627 0.12841186069648372 0 0
0.67100000000000048 156.665 163.382 92.5966 0.11198095286782213 0.11243145729989104 0.12841186069648372 3 0
0.67200000000000049 149.875 157.21 92.5966 0.098818848528458805 0.098816710517482365 0.12841186069648372 0 0
0.67300000000000049 152.875 160.21 92.5966 0.13600597967881839 0.13683264006471069 0.12841186069648372 0 0
0.67400000000000049 155.875 163.21 92.5966 0.11953650557708648 0.11274662114706997 0.12841186069648372 0 0
0.67500000000000049 157.875 165.21 92.5966 0.098495045488932342 0.099093709992541967 0.12841186069648372 6 0
0.67600000000000049 152.1 159.536 92.5966 0.14007981747346204 0.14071718187434407 0.12841186069648372 0 0
0.67700000000000049 154.1 161.536 92.5966 0.12311702707628501 0.12367721063174772 0.12841186069648372 0 0
0.67800000000000049 157.1 164.536 92.5966 0.10144530429259324 0.10190688131888394 0.12841186069648372 5 0
0.67900000000000049 151.629 159.629 92.5966 0.14222556304535808 0.14430725878180273 0.12841186069648372 0 0
0.68000000000000049 153.629 161.629 92.5966 0.12500293627033424 0.12683255166369381 0.12841186069648372 0 0
0.68100000000000049 156.629 164.629 92.5966 0.10299924558407668 0.10450680221312661 0.12841186069648372 5 0
0.68200000000000049 150.494 158.022 92.5966 0.09052668068912989 0.13345943637907623 0.12841186069648372 0 0
0.6830000000000005 153.494 161.022 92.5966 0.1297270366773125 0.13213219351454114 0.12841186069648372 0 0
0.6840000000000005 156.494 164.022 92.5966 0.10689178437156488 0.10887357253700594 0.12841186069648372 2 0
0.6850000000000005 151.049 157.127 92.5966 0.093947857357820699 0.095689663362602873 0.12841186069648372 0 0
0.6860000000000005 154.049 160.127 92.5966 0.13353158315395253 0.13567110315328065 0.12841186069648372 0 0
0.6870000000000005 156.049 162.127 92.5966 0.11002663406850338 0.11178954422419977 0.12841186069648372 2 0
0.6880000000000005 150.407 156.064 92.5966 0.096703096349270545 0.098252529103300582 0.12841186069648372 0 0
0.6890000000000005 153.407 159.064 92.5966 0.13551462082217991 0.13808443431320902 0.12841186069648372 1 0
0.6900000000000005 155.407 161.064 92.5966 0.11910464720699405 0.11377806782399424 0.12841186069648372 0 0
0.6910000000000005 158.407 164.064 92.5966 0.098139205157130108 0.10000025492343244 0.12841186069648372 6 0
0.6920000000000005 153.074 158.373 92.5966 0.14273312354351275 0.14367986884597195 0.12841186069648372 0 0
0.6930000000000005 156.074 160.373 92.5966 0.12544903436441548 0.11838856380741097 0.12841186069648372 1 0
0.69400000000000051 159.074 163.373 92.5966 0.1033668190868902 0.10405244865885731 0.12841186069648372 4 0
0.69500000000000051 152.367 156.405 92.5966 0.14698829688101855 0.1473494171195518 0.12841186069648372 0 0
0.69600000000000051 155.367 159.405 92.5966 0.12918893280558269 0.12950632364023107 0.12841186069648372 0 0
0.69700000000000051 157.367 161.405 92.5966 0.10644840044405313 0.10670992243305172 0.12841186069648372 2 0
0.69800000000000051 151.912 155.742 92.5966 0.093558164452781062 0.12051829119308766 0.12841186069648372 0 0
0.69900000000000051 154.912 158.742 92.5966 0.1353831216077227 0.13541016646569892 0.12841186069648372 2 0
0.70000000000000051 156.912 160.742 92.5966 0.11155225474269144 0.111574539018978 0.12841186069648372 0 0
0.70100000000000051 139.491 144.083 80.4246 0.14820320956373345 0.13222505036787846 0.17264459563592108 58 0
0.70200000000000051 111.337 116.828 64.2926 0.25135047715562508 0.23730717317489319 0.27283216413313377 0 0
0.70300000000000051 114.337 119.828 56.0611 0.27998568699066118 0.2888557345643577 0.28706263524153475 2 0
0.70400000000000051 116.337 121.828 58.0611 0.23070109706872105 0.23800979105339531 0.25230114425525518 0 0
0.70500000000000052 119.337 124.828 61.0611 0.20276463609555562 0.20918829291802324 0.20788973678258943 0 0
0.70600000000000052 122.337 127.828 63.0611 0.16707291182189946 0.17236584194295126 0.17129586465850571 0 0
0.70700000000000052 124.337 129.828 66.0611 0.14684142640596631 0.14202507728453626 0.15055300604751479 4 0
0.70800000000000052 118.249 124.052 63.6243 0.16049360696292389 0.1445382665436504 0.18375334688554643 2 0
0.70900000000000052 120.249 126.052 65.6243 0.15383971239292152 0.15928974509919031 0.1643371464877377 0 0
0.71000000000000052 123.249 129.052 68.6243 0.13521068472034117 0.13125070549554865 0.13540963608303583 5 0
0.71100000000000052 117.866 123.051 66.4812 0.14921259048060811 0.13122244999233168 0.17045091359133324 0 0
0.71200000000000052 119.866 125.051 68.4812 0.14615126863289263 0.15179912386403083 0.15341614250440197 0 0
0.71300000000000052 122.866 128.051 71.4812 0.1284532634468783 0.13341719870862084 0.12641100609188394 5 0
0.71400000000000052 118.408 121.98 69.1863 0.16819317620075455 0.17560621231484264 0.1137442683933674 0 0
0.71500000000000052 120.408 124.98 71.1863 0.14782603377019443 0.14469506019594577 0.14786929201985577 0 0
0.71600000000000052 122.408 127.98 69.6669 0.12180489843125152 0.12717339275034298 0.12184054213061844 6 0
0.71700000000000053 116.953 121.842 71.6669 0.15924648088375626 0.16641776741267664 0.16741110501832002 0 0
0.71800000000000053 119.953 124.842 74.6669 0.1399627273392389 0.13712401489691983 0.13794249986250734 3 0
0.71900000000000053 121.953 119.199 72.2779 0.11532573358640902 0.12051915371799596 0.11449445077375382 7 0
0.72000000000000053 116.921 121.199 75.2779 0.15409710049436043 0.15948333506760054 0.15845266798063273 0 0
0.72100000000000053 119.921 124.199 77.2779 0.13543690473137146 0.14017089996175827 0.13056097520376844 4 0
0.72200000000000053 113.724 117.487 74.7549 0.13711740400432421 0.12849726254173197 0.11556254542437541 0 0
0.72300000000000053 116.724 120.487 77.7549 0.14749583006116293 0.15235910069896502 0.14944799204654582 1 0
0.72400000000000053 119.724 123.487 79.7549 0.12963500688969398 0.13390936584869972 0.12314135086843073 4 0
0.72500000000000053 113.449 117.673 77.0935 0.17046485122208455 0.17608710265653355 0.16519172822816239 0 0
0.72600000000000053 116.449 120.673 80.0935 0.14982262314441022 0.14509130162739275 0.14189606769930757 3 0
0.72700000000000053 118.449 122.673 77.2944 0.12345003738095325 0.12752165182095065 0.11691875695438551 6 0
0.72800000000000054 113.137 116.851 79.2944 0.16182632415912351 0.16714298621355922 0.16144110035389317 0 0
0.72900000000000054 116.137 119.851 82.2944 0.14223016771797964 0.14690301522676102 0.13302336760116928 2 0
0.73000000000000054 118.137 121.851 84.2944 0.11719404688676301 0.12104435458748007 0.1169150691807152 7 0
0.73100000000000054 113.215 116.476 82.643 0.1566715468354194 0.158750904540334 0.15489308081085568 0 0
0.73200000000000054 116.215 119.476 84.643 0.13769960171081783 0.13952716219365291 0.12762796575601512 1 0
0.73300000000000054 110.122 113.519 81.8396 0.12841824048802916 0.11548767229905076 0.11217301677774767 0 0
0.73400000000000054 113.122 116.519 83.8396 0.16027526463347733 0.14963278662336335 0.14735935830685995 2 0
0.73500000000000054 115.122 118.519 85.8396 0.13206274856884423 0.13151319136819045 0.12951506101188862 3 0
0.73600000000000054 110.872 113.581 83.8401 0.1745379884097033 0.17083070485501226 0.10817061017754323 0 0
0.73700000000000054 113.872 116.581 85.8401 0.15340252887571579 0.15014417418897563 0.14342273688462917 2 0
0.73800000000000054 115.872 118.581 87.8401 0.12639978880750505 0.12371498727729316 0.1260551398400061 5 0
0.73900000000000055 110.947 113.646 84.9188 0.16957156270075502 0.16490146170547124 0.16423555279119822 3 0
0.74000000000000055 113.947 116.646 87.9188 0.14903750627996049 0.14493292532707433 0.13731140644306053 0 0
0.74100000000000055 115.947 118.646 89.9188 0.12280312101925454 0.11942105053195212 0.12068385331909617 6 0
0.74200000000000055 110.828 113.973 86.832 0.17386062100200875 0.16742680388053921 0.15846263528384497 3 0
0.74300000000000055 112.828 115.973 88.832 0.14325673727582508 0.137955435326372 0.13927380054244184 0 0
0.74400000000000055 108.96 111.236 86.5628 0.11858815975122007 0.11420596396839347 0.11475807539813017 0 0
0.74500000000000055 111.96 114.236 88.5628 0.16231211391178055 0.15846928423704454 0.15372115180713444 0 0
0.74600000000000055 113.96 116.236 90.5628 0.13374106065728988 0.13057466657715461 0.13510648108048925 3 0
0.74700000000000055 109.172 111.477 88.0671 0.11809409970735628 0.17006114038747655 0.11407156271957972 1 0
0.74800000000000055 111.172 113.477 90.0671 0.15175632380415066 0.14946779916868058 0.14830650251243679 0 0
0.74900000000000055 114.172 116.477 92.0671 0.12504335762671104 0.12315767143415454 0.13034751197382141 7 0
0.75000000000000056 109.033 111.722 89.3806 0.17589992308959357 0.17071037258995936 0.16753020324264215 0 0
0.75100000000000056 111.033 113.722 89.3806 0.1449370704168404 0.14066101257107244 0.16753020324264215 0 0
0.75200000000000056 114.033 116.722 89.3806 0.11942446598067294 0.11590110288754138 0.16753020324264215 0 0
0.75300000000000056 116.033 118.722 89.3806 0.10496290955332582 0.10186620370975316 0.16753020324264215 2 0
0.75400000000000056 119.033 121.722 89.3806 0.086486772398065112 0.083935165410258042 0.16753020324264215 2 0
0.75500000000000056 121.033 124.722 89.3806 0.071262904502800234 0.069160445131743381 0.16753020324264215 0 0
0.75600000000000056 124.033 126.722 89.3806 0.062633412160664273 0.060785547479071333 0.16753020324264215 2 0
0.75700000000000056 127.033 129.722 89.3806 0.051608341318906716 0.050085747739713325 0.16753020324264215 2 0
0.75800000000000056 129.033 131.722 89.3806 0.045358893737320355 0.041269384429085079 0.16753020324264215 0 0
0.75900000000000056 132.033 134.722 89.3806 0.037374576748890671 0.036271919908375555 0.16753020324264215 2 0
0.76000000000000056 135.033 137.722 89.3806 0.030795702277223148 0.029887141037785035 0.16753020324264215 0 0
0.76100000000000056 137.033 139.722 89.3806 0.027066535204590656 0.026267995052740752 0.16753020324264215 2 0
0.76200000000000057 140.033 142.722 89.3806 0.02230213777233727 0.021644160962646493 0.16753020324264215 2 0
0.76300000000000057 142.033 144.722 89.3806 0.018376395259189039 0.017834239074446267 0.16753020324264215 0 0
0.76400000000000057 145.033 147.722 89.3806 0.016151128645771614 0.01567462418652504 0.16753020324264215 2 0
0.76500000000000057 148.033 150.722 89.3806 0.013308119916865037 0.012915492341191898 0.16753020324264215 0 0
0.76600000000000057 150.033 152.722 89.3806 0.010965552910014527 0.010642037756719399 0.16753020324264215 0 0
0.76700000000000057 153.033 155.722 89.3806 0.009637692987317455 0.0093533534971166586 0.16753020324264215 2 0
0.76800000000000057 155.033 157.722 89.3806 0.0079412143145010765 0.0077069257941329893 0.16753020324264215 0 0
0.76900000000000057 158.033 160.722 89.3806 0.0065433589627541828 0.0063503111707028416 0.16753020324264215 3 0
0.77000000000000057 159.573 162.268 89.3806 0.0057509990883581686 0.0055813281773755448 0.16753020324264215 6 0
0.77100000000000057 157.993 160.308 89.3806 0.12348003058021048 0.12249806565875612 0.16753020324264215 2 0
0.77200000000000057 151.311 154.517 89.3806 0.10852737062713812 0.10766431552039112 0.16753020324264215 0 0
0.77300000000000058 153.311 156.517 89.3806 0.14835570836230386 0.14754333089642052 0.16753020324264215 0 0
0.77400000000000058 156.311 159.517 89.3806 0.12224133684638072 0.12157195844126446 0.16753020324264215 0 0
0.77500000000000058 159.311 162.517 89.3806 0.1074386749626393 0.1068503540987676 0.16753020324264215 4 0
0.77600000000000058 152.288 156.327 89.3806 0.15179598301806432 0.15115101775860709 0.16753020324264215 0 0
0.77700000000000058 155.288 159.327 89.3806 0.12507603581200369 0.12454460081428197 0.16753020324264215 0 0
0.77800000000000058 158.288 162.327 89.3806 0.10993010960039386 0.10946302805942751 0.16753020324264215 3 0
0.77900000000000058 151.593 155.47 89.3806 0.10905446188383106 0.11128371284148617 0.16753020324264215 0 0
0.78000000000000058 154.593 158.47 89.3806 0.13930891304074816 0.13863456364281326 0.16753020324264215 0 0
0.78100000000000058 156.593 160.47 89.3806 0.11478700720520631 0.11423136042346063 0.16753020324264215 1 0
0.78200000000000058 159.593 163.47 89.3806 0.094581579423235168 0.094123740583295812 0.16753020324264215 6 0
0.78300000000000058 154.045 157.777 89.3806 0.14688516849948605 0.1463952677885226 0.16753020324264215 0 0
0.78400000000000059 156.045 159.777 89.3806 0.12102964933734507 0.12062598359039643 0.16753020324264215 0 0
0.78500000000000059 159.045 162.777 89.3806 0.099725358035532133 0.099392747709372065 0.16753020324264215 5 0
0.78600000000000059 153.065 156.638 89.3806 0.15228662253638861 0.15150434593585485 0.16753020324264215 0 0
0.78700000000000059 156.065 159.638 89.3806 0.12548031031745888 0.12483573426111089 0.16753020324264215 0 0
0.78800000000000059 159.065 162.638 89.3806 0.1102854289899541 0.1097189070654295 0.16753020324264215 3 0
0.78900000000000059 152.79 156.222 89.3806 0.1551802523709605 0.15492685628443498 0.16753020324264215 0 0
0.79000000000000059 155.79 159.222 89.3806 0.12786458783007609 0.12765579588866405 0.16753020324264215 0 0
0.79100000000000059 157.79 161.222 89.3806 0.11238098539752782 0.11219747685527112 0.16753020324264215 2 0
0.79200000000000059 151.899 155.174 89.3806 0.093778323827124435 0.10011658382112434 0.16753020324264215 0 0
0.79300000000000059 154.899 158.174 89.3806 0.13185271530699141 0.13317239149355101 0.16753020324264215 0 0
0.79400000000000059 156.899 160.174 89.3806 0.11588617556278542 0.11704604721112882 0.16753020324264215 1 0
0.7950000000000006 159.899 163.174 89.3806 0.095487266241308794 0.096442971029677693 0.16753020324264215 7 0
0.7960000000000006 153.742 157.752 89.3806 0.14642435509490032 0.14078567146996729 0.16753020324264215 0 0
0.7970000000000006 156.742 160.752 89.3806 0.12064995079230678 0.12198995897958262 0.16753020324264215 0 0
0.7980000000000006 159.742 163.752 89.3806 0.099412496075203943 0.10051662879787387 0.16753020324264215 5 0
0.7990000000000006 153.298 157.037 89.3806 0.14869501884557834 0.14279254604011754 0.16753020324264215 0 0
0.8000000000000006 156.298 160.037 89.3806 0.12359801106194074 0.125052076275356 0.16753020324264215 0 0
0.8010000000000006 138.392 141.618 74.7364 0.14468875671760115 0.14389342641388711 0.20693435392968351 43 0
0.8020000000000006 126.582 129.542 57.8702 0.26724525242233982 0.26919929544601295 0.30296964700851092 1 0
0.8030000000000006 111.668 114.105 60.8702 0.24511417739872687 0.24250573977472523 0.29310514984561248 0 0
0.8040000000000006 114.668 117.105 61.8702 0.20196785857439042 0.19981857220207461 0.25761194810649535 0 0
0.8050000000000006 116.668 119.105 64.8702 0.17751081320014783 0.17562179197447964 0.21226570431138228 0 0
0.8060000000000006 119.668 122.105 67.8702 0.1462644029664304 0.14470789743990936 0.17490155079368044 0 0
0.80700000000000061 121.668 124.105 69.8702 0.12051815429973207 0.11923563326652686 0.15372206612725819 0 0
0.80800000000000061 124.668 127.105 72.8702 0.1059241590524989 0.10479694330065836 0.12666307938952551 7 0
0.80900000000000061 120.478 122.861 70.5116 0.14941467562950561 0.14940366215213746 0.16292079435811091 1 0
0.81000000000000061 122.478 124.861 72.5116 0.12311389898671422 0.12310482416100194 0.14319210441630842 3 0
0.81100000000000061 118.294 120.541 70.8228 0.13615272975283652 0.1306975993602556 0.14624008295954619 2 0
0.81200000000000061 120.294 122.541 72.8228 0.14458197524612573 0.14508194783815045 0.16334789900062016 0 0
0.81300000000000061 123.294 125.541 75.8228 0.1270740016811652 0.11954384129730415 0.13459452127126295 8 0
0.81400000000000061 117.95 120.037 73.0071 0.16779562364350975 0.16896083773978499 0.16945728755640943 1 0
0.81500000000000061 119.95 122.037 75.0071 0.13825933344649546 0.13921944027631208 0.14893706914137547 1 0
0.81600000000000061 115.48 116.448 73.2819 0.12151699228695891 0.12236083618035241 0.12272036336722222 2 0
0.81700000000000061 118.48 118.448 74.2819 0.1596217846494847 0.16153115605765078 0.16654865095707649 0 0
0.81800000000000062 120.48 121.448 77.2819 0.13152429765429954 0.13309757121449498 0.13723185961429032 2 0
0.81900000000000062 115.929 116.747 74.5006 0.13625868426001758 0.12876307408548562 0.11467813202205381 0 0
0.82000000000000062 117.929 118.747 77.5006 0.15178592886736261 0.15386414769325132 0.15863387504943133 0 0
0.82100000000000062 120.929 121.747 79.5006 0.12506775144710666 0.12678015099236406 0.13071028522749775 4 0
0.82200000000000062 115.781 116.452 76.8766 0.12851786974262264 0.11962458839460788 0.16785820621162229 0 0
0.82300000000000062 117.781 118.452 78.8766 0.14685326373927937 0.14920026615713566 0.14987537655318364 0 0
0.82400000000000062 120.781 121.452 81.8766 0.12907025133335101 0.13113304642717 0.12349350485034054 6 0
0.82500000000000062 114.473 114.986 78.137 0.17084262458141061 0.17435541617076572 0.16718118855601161 0 0
0.82600000000000062 117.473 117.986 81.137 0.14076998485406758 0.14366443593172223 0.14132004418626193 0 0
0.82700000000000062 119.473 120.986 84.137 0.12372361950064532 0.12626757064311525 0.11644412820523291 6 0
0.82800000000000062 115.02 115.794 81.2383 0.16297328732746164 0.16260835137281127 0.16619912331897144 0 0
0.82900000000000063 118.02 118.794 83.2383 0.13428585076420485 0.13398515280352488 0.13694385771521694 2 0
0.83000000000000063 112.529 112.709 80.1087 0.12747845503583194 0.11828559829025664 0.16864183309577288 0 0
0.83100000000000063 114.529 115.709 83.1087 0.15502185436417543 0.1519343598454822 0.15554457986933162 0 0
0.83200000000000063 117.529 118.709 86.1087 0.13624967668726357 0.13353605845794336 0.12816478443823101 4 0
0.83300000000000063 111.958 112.711 82.8754 0.17870530384613775 0.17249721779180172 0.114098318444757 0 0
0.83400000000000063 114.958 115.711 85.8754 0.14724863292986204 0.1421333276482741 0.14830701798859555 2 0
0.83500000000000063 116.958 117.711 87.8754 0.12941774378601156 0.12492187000336591 0.12220121721472411 3 0
0.83600000000000063 112.218 113.163 84.7845 0.16910354813013595 0.16540358930352009 0.11243214919981252 0 0
0.83700000000000063 115.218 116.163 87.7845 0.1393370300144553 0.13628835788559091 0.1462492228521434 1 0
0.83800000000000063 110.041 111.086 88.7845 0.12246418653614236 0.11978468954788263 0.12853935602239164 0 0
0.83900000000000063 113.041 114.086 86.4034 0.15636689251016664 0.15415434188646507 0.16446530078860286 3 0
0.84000000000000064 115.041 116.086 88.4034 0.13743183912026366 0.13548721454865095 0.13551523197303092 3 0
0.84100000000000064 110.033 111.114 85.0475 0.17412396664446225 0.1725354605804674 0.119815411624024 0 0
0.84200000000000064 113.033 114.114 88.0475 0.14497186305210544 0.14364947767093714 0.15303928816978526 0 0
0.84300000000000064 115.033 116.114 90.0475 0.12741667651063956 0.1262544237342221 0.12610048768872686 5 0
0.84400000000000064 110.102 111.183 85.7248 0.17079914783928102 0.16905725668046573 0.17124717342433676 0 0
0.84500000000000064 113.102 114.183 88.7248 0.14073416112245446 0.14858547950431558 0.14304208661565546 3 0
0.84600000000000064 115.102 116.183 90.7248 0.12369213379903223 0.12243066243336549 0.12572058393954094 6 0
0.84700000000000064 109.984 112.01 87.3782 0.16190043490854453 0.16179164052837747 0.1629425911008037 0 0
0.84800000000000064 112.984 115.01 90.3782 0.14229530411883798 0.14219968405814426 0.13426055785283508 1 0
0.84900000000000064 114.984 117.01 92.3782 0.11724771762721636 0.11716892912505784 0.11800244342534333 0 0
0.85000000000000064 117.984 112.155 87.2367 0.096609142331995912 0.10790938963256866 0.11131410389807256 0 0
0.85100000000000064 119.984 115.155 87.2367 0.084910379002730782 0.094842236981749789 0.11131410389807256 1 0
0.85200000000000065 122.984 117.155 87.2367 0.069963996370658296 0.078147595169288459 0.11131410389807256 1 0
0.85300000000000065 124.984 120.155 87.2367 0.057648556579827093 0.064391634203210091 0.11131410389807256 0 0
0.85400000000000065 127.984 122.155 87.2367 0.050667676681488659 0.056594209748915124 0.11131410389807256 1 0
0.85500000000000065 130.984 125.155 87.2367 0.041748879101568416 0.046632191870749157 0.11131410389807256 1 0
0.85600000000000065 132.984 128.155 87.2367 0.036693350772862864 0.040985324886400623 0.11131410389807256 1 0
0.85700000000000065 135.984 130.155 87.2367 0.030234389369729536 0.033770867063379416 0.11131410389807256 1 0
0.85800000000000065 138.984 133.155 87.2367 0.024912369170614544 0.027826336996803109 0.11131410389807256 0 0
0.85900000000000065 140.984 136.155 87.2367 0.021895636966360436 0.024456741501096484 0.11131410389807256 1 0
0.86000000000000065 143.984 138.155 87.2367 0.018041448916373649 0.020151734024951327 0.11131410389807256 1 0
0.86100000000000065 145.984 141.155 87.2367 0.014865695823427992 0.016604517171438165 0.11131410389807256 0 0
0.86200000000000065 148.984 143.155 87.2367 0.013065552969809758 0.014593813920209326 0.11131410389807256 1 0
0.86300000000000066 151.984 146.155 87.2367 0.010765683904567367 0.012024932124195916 0.11131410389807256 0 0
0.86400000000000066 153.984 149.155 87.2367 0.0088706501899206217 0.0099082387497952187 0.11131410389807256 1 0
0.86500000000000066 156.984 151.155 87.2367 0.0077964698934849218 0.0087084129636872051 0.11131410389807256 2 0
0.86600000000000066 158.984 154.155 87.2367 0.0064240932349881857 0.0071755111700303508 0.11131410389807256 1 0
0.86700000000000066 161.984 156.155 87.2367 0.0052932897138879701 0.0059124390133917073 0.11131410389807256 2 0
0.86800000000000066 163.602 158.741 87.2367 0.0046523054125968489 0.0051964796016138052 0.11131410389807256 6 0
0.86900000000000066 162.175 156.215 87.2367 0.12232467043231507 0.12143270098557335 0.11131410389807256 3 0
0.87000000000000066 155.35 149.772 87.2367 0.10751191737215192 0.10672795985060157 0.11131410389807256 0 0
0.87100000000000066 158.35 152.772 87.2367 0.1476970217835514 0.14569860768245962 0.11131410389807256 0 0
0.87200000000000066 160.35 154.772 87.2367 0.12169859582995263 0.12005195335163603 0.11131410389807256 0 0
0.87300000000000066 163.35 157.772 87.2367 0.1069616564911693 0.10551441212546135 0.11131410389807256 4 0
0.87400000000000067 157.578 151.41 87.2367 0.10566417693029222 0.1213557534765351 0.11131410389807256 0 0
0.87500000000000067 160.578 154.41 87.2367 0.12870068320645059 0.13421103384637004 0.11131410389807256 0 0
0.87600000000000067 163.578 157.41 87.2367 0.11311583484941946 0.11058648418737764 0.11131410389807256 2 0
0.87700000000000067 157.347 150.712 87.2367 0.10311311241954327 0.12276602473070228 0.11131410389807256 0 0
0.87800000000000067 160.347 153.712 87.2367 0.14250275418541913 0.13836857642346881 0.11131410389807256 0 0
0.87900000000000067 162.347 155.712 87.2367 0.11741865121479236 0.11401219370830254 0.11131410389807256 1 0
0.88000000000000067 156.815 150.76 87.2367 0.10017986531682839 0.12220748398497649 0.11131410389807256 0 0
0.88100000000000067 159.815 153.76 87.2367 0.14626925115239259 0.14139329647117074 0.11131410389807256 0 0
0.88200000000000067 161.815 155.76 87.2367 0.12052214908186645 0.11650448622807649 0.11131410389807256 0 0
0.88300000000000067 164.815 158.76 87.2367 0.099307190710766421 0.095996738530214398 0.11131410389807256 7 0
0.88400000000000067 157.631 152.139 87.2367 0.15046774500674265 0.1470997169887848 0.11131410389807256 0 0
0.88500000000000068 160.631 155.139 87.2367 0.12398160141546788 0.12120643184500701 0.11131410389807256 0 0
0.88600000000000068 163.631 158.139 87.2367 0.10896820436906357 0.10652909048877569 0.11131410389807256 4 0
0.88700000000000068 157.748 152.689 87.2367 0.1522870336292943 0.14673952987350636 0.11131410389807256 0 0
0.88800000000000068 160.748 155.689 87.2367 0.12583053210888101 0.12418371810292336 0.11131410389807256 1 0
0.88900000000000068 162.748 157.689 87.2367 0.1105932411113212 0.1091458459888975 0.11131410389807256 4 0
0.89000000000000068 157.741 152.078 87.2367 0.15170884473010565 0.14610429188955509 0.11131410389807256 0 0
0.89100000000000068 159.741 154.078 87.2367 0.1355914575828002 0.12620679802976012 0.11131410389807256 0 0
0.89200000000000068 162.741 157.078 87.2367 0.11172391829637467 0.11092394358084386 0.11131410389807256 4 0
0.89300000000000068 157.653 151.372 87.2367 0.14305460445143714 0.14440484219628441 0.11131410389807256 1 0
0.89400000000000068 159.653 153.372 87.2367 0.13737521575133824 0.1362933183365781 0.11131410389807256 0 0
0.89500000000000068 162.653 156.372 87.2367 0.11319368973651528 0.11230223373680445 0.11131410389807256 2 0
0.89600000000000068 164.653 158.372 87.2367 0.093268726284360115 0.092534189175223394 0.11131410389807256 6 0
0.89700000000000069 159.928 153.045 87.2367 0.14292519564371253 0.14130057170977406 0.11131410389807256 0 0
0.89800000000000069 162.928 156.045 87.2367 0.11776673225037346 0.11642808337902526 0.11131410389807256 2 0
0.89900000000000069 164.928 158.045 87.2367 0.097036797203371689 0.095933784522512264 0.11131410389807256 6 0
0.90000000000000069 159.877 152.464 87.2367 0.14664507881047392 0.14469753856248296 0.11131410389807256 0 0
0.90100000000000069 140.091 132.851 72.9008 0.14225205617248193 0.15554728152849809 0.20768431269648882 38 0
0.90200000000000069 128.274 120.909 56.4688 0.29275297691848035 0.28686046838867812 0.30362879045589841 0 0
0.90300000000000069 131.274 123.909 59.4688 0.2573024211197581 0.23636574238569064 0.2839865005493642 0 0
0.90400000000000069 133.274 126.909 60.4688 0.21201066193339443 0.20774332826867339 0.24959751024846463 2 0
0.90500000000000069 122.831 116.453 56.7265 0.23846698466559813 0.23752971792607402 0.26713742084401682 0 0
0.90600000000000069 125.831 119.453 58.7265 0.20959012324124834 0.20876635364596349 0.22111320909166651 2 0
0.90700000000000069 127.831 121.453 60.7265 0.17269693992656573 0.17201817469607589 0.19433778142822253 0 0
0.9080000000000007 130.831 124.453 63.7265 0.14229789361624987 0.14173860830059964 0.16012939753912378 3 0
0.9090000000000007 125.462 118.577 61.3904 0.1250665080611571 0.1245749487016989 0.13194255778675359 8 0
0.9100000000000007 127.462 120.577 63.3904 0.16203378266535995 0.16381919088461697 0.17455888867976391 0 0
0.9110000000000007 130.462 123.577 66.3904 0.14241250429572649 0.13498285381728081 0.14383209211284259 2 0
0.9120000000000007 124.658 117.631 63.1309 0.11782138683382797 0.1261977577338122 0.12641492470855306 0 0
0.9130000000000007 127.658 120.631 66.1309 0.15159732302481052 0.15562888034425726 0.15942488170270175 3 0
0.9140000000000007 130.658 123.631 69.1309 0.13323983468977485 0.13678319561506985 0.13136205462563927 3 0
0.9150000000000007 124.918 117.64 65.8741 0.17225986265890175 0.17801082281757885 0.17161435111317083 0 0
0.9160000000000007 127.918 120.64 68.8741 0.15140026991505037 0.14667639819563688 0.1474140161149784 3 0
0.9170000000000007 129.918 122.64 70.8741 0.12474997826252318 0.128914803101634 0.12146540634473928 5 0
0.9180000000000007 125.23 118.169 69.7497 0.16135967012606775 0.16481627452832392 0.16921347667646874 0 0
0.91900000000000071 128.23 121.169 71.7497 0.14182002257173926 0.14485805378465971 0.13942760834547901 3 0
0.92000000000000071 121.176 114.846 68.2922 0.12751501242878471 0.11987588720765759 0.12254379639739367 0 0
0.92100000000000071 124.176 117.846 71.2922 0.15364504616599334 0.15325606861102598 0.1562008174158499 0 0
0.92200000000000071 127.176 120.846 74.2922 0.13503959135683008 0.13469771655265955 0.12870550751428064 2 0
0.92300000000000071 121.063 115.602 70.8101 0.17734120897409922 0.17345925070456231 0.16548493982858808 0 0
0.92400000000000071 124.063 118.602 73.8101 0.1558662969498919 0.14292601834177193 0.14590871745705408 3 0
0.92500000000000071 126.063 120.602 75.8101 0.12842987114401494 0.12561857080819799 0.12824008370248893 6 0
0.92600000000000071 121.382 116.442 74.4494 0.16439130019952078 0.16264374107280027 0.16812545445392299 0 0
0.92700000000000071 124.382 118.442 76.4494 0.14448454119098506 0.14294860055226588 0.13853110565966556 0 0
0.92800000000000071 117.421 113.317 73.6736 0.120051593388568 0.11831122738478982 0.12175585458369044 0 0
0.92900000000000071 120.421 116.317 76.6736 0.15340810829037715 0.15195932432218401 0.15721835778642976 3 0
0.93000000000000071 122.421 119.317 78.6736 0.13483134517708928 0.13355799989254455 0.12954393494365246 2 0
0.93100000000000072 118.017 114.255 76.7748 0.17356994466695291 0.17254840079036568 0.11543925255258219 0 0
0.93200000000000072 121.017 117.255 78.7748 0.1525517091799391 0.15216784814531523 0.1493553164304546 0 0
0.93300000000000072 123.017 119.255 80.7748 0.12569873498102893 0.12538244323497044 0.13126932108145423 7 0
0.93400000000000072 117.737 114.215 78.743 0.16213654280797374 0.16187883761141436 0.16919774381101271 0 0
0.93500000000000072 119.737 117.215 80.743 0.14250282082732066 0.14227632211940716 0.1394146448638105 0 0
0.93600000000000072 115.5 112.227 78.6124 0.11793523505164701 0.11723207694165021 0.12253240271233343 0 0
0.93700000000000072 118.5 115.227 81.6124 0.16176748854276737 0.15204642419027811 0.16018257684665074 1 0
0.93800000000000072 120.5 117.227 83.6124 0.13329230318160154 0.13363455251098663 0.13198637618589998 3 0
0.93900000000000072 115.352 112.252 80.3775 0.17229719038890295 0.17258261846934525 0.16118437383620493 0 0
0.94000000000000072 118.352 115.252 83.3775 0.15143307749024676 0.15168394201407298 0.14949992482347127 1 0
0.94100000000000072 120.352 117.252 85.3775 0.1247770108714802 0.12498371686950591 0.13139641830187904 7 0
0.94200000000000073 115.281 112.351 82.1189 0.161376321213683 0.16154585920565853 0.16952650362003546 3 0
0.94300000000000073 117.281 115.351 84.1189 0.14183465731671357 0.14198366531747333 0.13968553459902827 0 0
0.94400000000000073 112.28 110.487 81.7711 0.11739336644240966 0.11699093516759583 0.1227704893936772 0 0
0.94500000000000073 115.28 113.487 83.7711 0.16127912902099262 0.16198087717520782 0.16034967338104902 0 0
0.94600000000000073 117.28 115.487 86.7711 0.13288990733541262 0.13346812999666172 0.14093233012006262 3 0
0.94700000000000073 112.314 110.995 83.6749 0.13915892643572908 0.11051314338145933 0.11612466165898713 0 0
0.94800000000000073 115.314 113.995 85.6749 0.15526663456265249 0.15522364114305945 0.15068996398134527 3 0
0.94900000000000073 117.314 115.995 87.6749 0.12793576456273248 0.1279003390766176 0.13244235115547923 3 0
0.95000000000000073 112.219 111.388 84.5138 0.16859847594812252 0.11295120049500672 0.17020868001258802 0 0
0.95100000000000073 115.219 114.388 87.5138 0.14818225425127957 0.14752701330523288 0.1415555268309637 0 0
0.95200000000000073 117.219 116.388 89.5138 0.12209841506300502 0.1215585131604397 0.1244140372537767 1 0
0.95300000000000074 113.001 118.388 84.2935 0.11582668190884104 0.1068385369574177 0.11663815992541565 0 0
0.95400000000000074 115.001 121.388 84.2935 0.095438244981039672 0.088032241755684748 0.11663815992541565 1 0
0.95500000000000074 118.001 124.388 84.2935 0.078638690627687732 0.072536332013045907 0.11663815992541565 0 0
0.95600000000000074 121.001 126.388 84.2935 0.069116036684491178 0.063752635558341125 0.11663815992541565 1 0
0.95700000000000074 123.001 129.388 84.2935 0.056949859328651792 0.052530552980810864 0.11663815992541565 1 0
0.95800000000000074 126.001 131.388 84.2935 0.046925238094287058 0.043283841872616372 0.11663815992541565 0 0
0.95900000000000074 128.001 134.388 84.2935 0.041242885043806986 0.038042439145854236 0.11663815992541565 1 0
0.96000000000000074 131.001 137.388 84.2935 0.033983090093468886 0.031346003934877451 0.11663815992541565 1 0
0.96100000000000074 134.001 139.388 84.2935 0.028001203385121458 0.025828311347707859 0.11663815992541565 0 0
0.96200000000000074 136.001 142.388 84.2935 0.024610432662704407 0.022700664270446362 0.11663815992541565 1 0
0.96300000000000074 139.001 145.388 84.2935 0.020278371639801607 0.01870477097479406 0.11663815992541565 0 0
0.96400000000000075 142.001 147.388 84.2935 0.017822787574044381 0.016439740114565091 0.11663815992541565 1 0
0.96500000000000075 144.001 150.388 84.2935 0.014685524429296822 0.013545928439125289 0.11663815992541565 1 0
0.96600000000000075 147.001 152.388 84.2935 0.01210049925509687 0.011161501094249964 0.11663815992541565 0 0
0.96700000000000075 149.001 155.388 84.2935 0.010635204423424983 0.0098099130711181339 0.11663815992541565 2 0
0.96800000000000075 152.001 158.388 84.2935 0.0087631384104148724 0.0080831192907772718 0.11663815992541565 1 0
0.96900000000000075 155.001 160.388 84.2935 0.0072206035486206523 0.0066602850601497291 0.11663815992541565 0 0
0.97000000000000075 157.001 163.388 84.2935 0.0063462335876548698 0.0058537661661472225 0.11663815992541565 4 0
0.97100000000000075 158.561 159.508 84.2935 0.060213312556580301 0.054366037616953022 0.11663815992541565 2 0
0.97200000000000075 160.561 161.508 84.2935 0.056262018857791952 0.060723601169520518 0.11663815992541565 5 0
0.97300000000000075 159.016 159.882 84.2935 0.10952473915583948 0.11042681102487609 0.11663815992541565 3 0
0.97400000000000075 161.016 161.882 84.2935 0.090245604162831602 0.090988888478749225 0.11663815992541565 6 0
0.97500000000000075 155.75 156.517 84.2935 0.13942622901890089 0.14049221250478541 0.11663815992541565 0 0
0.97600000000000076 158.75 159.517 84.2935 0.11488367259247814 0.11576201591886005 0.11663815992541565 2 0
0.97700000000000076 160.75 161.517 84.2935 0.094661229247952575 0.095384961847205241 0.11663815992541565 5 0
0.97800000000000076 156.095 155.814 84.2935 0.14390216856335117 0.14483445054113075 0.11663815992541565 0 0
0.97900000000000076 159.095 158.814 84.2935 0.11857173313020269 0.11933990980867096 0.11663815992541565 0 0
0.98000000000000076 161.095 160.814 84.2935 0.097700097488875509 0.098333055567447383 0.11663815992541565 5 0
0.98100000000000076 156.176 155.858 84.2935 0.14721565840909018 0.14847236105773531 0.11663815992541565 0 0
0.98200000000000076 158.176 157.858 84.2935 0.12130196463151352 0.12233745570553142 0.11663815992541565 0 0
0.98300000000000076 161.176 160.858 84.2935 0.10661305485191619 0.10752315442868973 0.11663815992541565 5 0
0.98400000000000076 155.122 155.7 84.2935 0.14929206560971778 0.1511083168468435 0.11663815992541565 0 0
0.98500000000000076 157.122 157.7 84.2935 0.12301287144355408 0.12450941634719159 0.11663815992541565 0 0
0.98600000000000076 160.122 160.7 84.2935 0.10811678154218619 0.10943210421139886 0.11663815992541565 5 0
0.98700000000000077 153.466 153.924 84.2935 0.12441156979462681 0.11656679084862198 0.11663815992541565 0 0
0.98800000000000077 156.466 156.924 84.2935 0.12764409778502289 0.12943789672764947 0.11663815992541565 0 0
0.98900000000000077 159.466 159.924 84.2935 0.11218719531886778 0.11376377642078567 0.11663815992541565 1 0
0.99000000000000077 161.466 161.924 84.2935 0.092439400439740915 0.093738463237341696 0.11663815992541565 6 0
0.99100000000000077 156.003 157.288 84.2935 0.1431081267870945 0.14645263877632378 0.11663815992541565 0 0
0.99200000000000077 159.003 159.288 84.2935 0.11791746286778416 0.12067325582765935 0.11663815992541565 1 0
0.99300000000000077 152.66 153.682 84.2935 0.12645787040497353 0.1048664814413007 0.11663815992541565 0 0
0.99400000000000077 155.66 156.682 84.2935 0.14429633963430546 0.14884672752289563 0.11663815992541565 1 0
0.99500000000000077 157.66 158.682 84.2935 0.11889652008441917 0.12264592416742499 0.11663815992541565 0 0
0.99600000000000077 160.66 161.682 84.2935 0.097967713692606123 0.1010571274572899 0.11663815992541565 5 0
0.99700000000000077 154.742 155.462 84.2935 0.14912383307465191 0.15165941484230216 0.11663815992541565 0 0
0.99800000000000078 157.742 158.462 84.2935 0.12287425210618901 0.12496350710272701 0.11663815992541565 0 0
0.99900000000000078 160.742 161.462 84.2935 0.10799494814020519 0.10983120741450615 0.11663815992541565 3 0
